8.0 47
8.0167 48
8.0333 50
8.05 51
8.0667 53
8.0833 55
8.1 56
8.1167 58
8.1333 60
8.15 61
8.1667 63
8.1833 65
8.2 67
8.2167 68
8.2333 70
8.25 72
8.2667 74
8.2833 76
8.3 78
8.3167 80
8.3333 82
8.35 84
8.3667 86
8.3833 88
8.4 90
8.4167 92
8.4333 94
8.45 96
8.4667 98
8.4833 100
8.5 102
8.5167 104
8.5333 106
8.55 109
8.5667 111
8.5833 113
8.6 115
8.6167 117
8.6333 120
8.65 122
8.6667 124
8.6833 126
8.7 129
8.7167 131
8.7333 133
8.75 136
8.7667 138
8.7833 140
8.8 142
8.8167 145
8.8333 147
8.85 150
8.8667 152
8.8833 154
8.9 157
8.9167 159
8.9333 162
8.95 164
8.9667 166
8.9833 169
9.0 171
9.0167 174
9.0333 177
9.05 179
9.0667 182
9.0833 184
9.1 187
9.1167 189
9.1333 192
9.15 194
9.1667 197
9.1833 199
9.2 202
9.2167 204
9.2333 207
9.25 209
9.2667 212
9.2833 214
9.3 217
9.3167 219
9.3333 222
9.35 224
9.3667 227
9.3833 229
9.4 232
9.4167 235
9.4333 237
9.45 240
9.4667 242
9.4833 245
9.5 247
9.5167 250
9.5333 252
9.55 255
9.5667 257
9.5833 260
9.6 262
9.6167 265
9.6333 268
9.65 270
9.6667 273
9.6833 275
9.7 278
9.7167 280
9.7333 283
9.75 285
9.7667 288
9.7833 290
9.8 293
9.8167 295
9.8333 298
9.85 300
9.8667 303
9.8833 305
9.9 308
9.9167 310
9.9333 313
9.95 315
9.9667 318
9.9833 320
10.0 322
10.0167 325
10.0333 327
10.05 330
10.0667 332
10.0833 335
10.1 337
10.1167 339
10.1333 342
10.15 344
10.1667 347
10.1833 349
10.2 351
10.2167 354
10.2333 356
10.25 358
10.2667 361
10.2833 363
10.3 365
10.3167 368
10.3333 370
10.35 372
10.3667 375
10.3833 377
10.4 379
10.4167 381
10.4333 384
10.45 386
10.4667 388
10.4833 390
10.5 393
10.5167 395
10.5333 397
10.55 399
10.5667 401
10.5833 403
10.6 406
10.6167 408
10.6333 410
10.65 412
10.6667 414
10.6833 416
10.7 418
10.7167 420
10.7333 422
10.75 424
10.7667 426
10.7833 428
10.8 430
10.8167 432
10.8333 434
10.85 436
10.8667 438
10.8833 440
10.9 442
10.9167 444
10.9333 446
10.95 448
10.9667 450
10.9833 452
11.0 454
11.0167 456
11.0333 457
11.05 459
11.0667 461
11.0833 463
11.1 465
11.1167 466
11.1333 468
11.15 470
11.1667 472
11.1833 473
11.2 475
11.2167 477
11.2333 478
11.25 480
11.2667 482
11.2833 483
11.3 485
11.3167 486
11.3333 488
11.35 490
11.3667 491
11.3833 493
11.4 494
11.4167 496
11.4333 497
11.45 499
11.4667 500
11.4833 502
11.5 503
11.5167 505
11.5333 506
11.55 507
11.5667 509
11.5833 510
11.6 511
11.6167 513
11.6333 514
11.65 515
11.6667 517
11.6833 518
11.7 519
11.7167 520
11.7333 522
11.75 523
11.7667 524
11.7833 525
11.8 526
11.8167 528
11.8333 529
11.85 530
11.8667 531
11.8833 532
11.9 533
11.9167 534
11.9333 535
11.95 536
11.9667 537
11.9833 538
12.0 539
12.0167 540
12.0333 541
12.05 542
12.0667 543
12.0833 544
12.1 544
12.1167 545
12.1333 546
12.15 547
12.1667 548
12.1833 549
12.2 549
12.2167 550
12.2333 551
12.25 551
12.2667 552
12.2833 553
12.3 553
12.3167 554
12.3333 555
12.35 555
12.3667 556
12.3833 557
12.4 557
12.4167 558
12.4333 558
12.45 559
12.4667 559
12.4833 560
12.5 560
12.5167 560
12.5333 561
12.55 561
12.5667 562
12.5833 562
12.6 562
12.6167 563
12.6333 563
12.65 563
12.6667 564
12.6833 564
12.7 564
12.7167 564
12.7333 565
12.75 565
12.7667 565
12.7833 565
12.8 565
12.8167 565
12.8333 565
12.85 565
12.8667 566
12.8833 566
12.9 566
12.9167 566
12.9333 566
12.95 566
12.9667 566
12.9833 566
13.0 565
13.0167 565
13.0333 565
13.05 565
13.0667 565
13.0833 565
13.1 565
13.1167 564
13.1333 564
13.15 564
13.1667 564
13.1833 563
13.2 563
13.2167 563
13.2333 563
13.25 562
13.2667 562
13.2833 561
13.3 561
13.3167 561
13.3333 560
13.35 560
13.3667 559
13.3833 559
13.4 558
13.4167 558
13.4333 557
13.45 557
13.4667 556
13.4833 556
13.5 555
13.5167 554
13.5333 554
13.55 553
13.5667 552
13.5833 552
13.6 551
13.6167 550
13.6333 550
13.65 549
13.6667 548
13.6833 547
13.7 547
13.7167 546
13.7333 545
13.75 544
13.7667 543
13.7833 542
13.8 541
13.8167 540
13.8333 539
13.85 539
13.8667 538
13.8833 537
13.9 536
13.9167 535
13.9333 533
13.95 532
13.9667 531
13.9833 530
14.0 529
14.0167 528
14.0333 527
14.05 526
14.0667 525
14.0833 523
14.1 522
14.1167 521
14.1333 520
14.15 519
14.1667 517
14.1833 516
14.2 515
14.2167 513
14.2333 512
14.25 511
14.2667 509
14.2833 508
14.3 507
14.3167 505
14.3333 504
14.35 502
14.3667 501
14.3833 499
14.4 498
14.4167 496
14.4333 495
14.45 493
14.4667 492
14.4833 490
14.5 489
14.5167 487
14.5333 486
14.55 484
14.5667 482
14.5833 481
14.6 479
14.6167 477
14.6333 476
14.65 474
14.6667 472
14.6833 471
14.7 469
14.7167 467
14.7333 465
14.75 464
14.7667 462
14.7833 460
14.8 458
14.8167 456
14.8333 454
14.85 453
14.8667 451
14.8833 449
14.9 447
14.9167 445
14.9333 443
14.95 441
14.9667 439
14.9833 437
15.0 436
15.0167 434
15.0333 432
15.05 430
15.0667 428
15.0833 426
15.1 424
15.1167 422
15.1333 420
15.15 418
15.1667 416
15.1833 414
15.2 412
15.2167 409
15.2333 407
15.25 405
15.2667 403
15.2833 401
15.3 399
15.3167 396
15.3333 394
15.35 392
15.3667 390
15.3833 388
15.4 385
15.4167 383
15.4333 381
15.45 379
15.4667 376
15.4833 374
15.5 372
15.5167 369
15.5333 367
15.55 365
15.5667 363
15.5833 360
15.6 358
15.6167 356
15.6333 353
15.65 351
15.6667 348
15.6833 346
15.7 344
15.7167 341
15.7333 339
15.75 336
15.7667 334
15.7833 332
15.8 329
15.8167 327
15.8333 324
15.85 322
15.8667 319
15.8833 317
15.9 314
15.9167 312
15.9333 310
15.95 307
15.9667 305
15.9833 302
16.0 300
16.0167 297
16.0333 295
16.05 292
16.0667 290
16.0833 287
16.1 285
16.1167 282
16.1333 279
16.15 277
16.1667 274
16.1833 272
16.2 269
16.2167 267
16.2333 264
16.25 262
16.2667 259
16.2833 257
16.3 254
16.3167 252
16.3333 249
16.35 247
16.3667 244
16.3833 241
16.4 239
16.4167 236
16.4333 234
16.45 231
16.4667 229
16.4833 226
16.5 224
16.5167 221
16.5333 219
16.55 216
16.5667 213
16.5833 211
16.6 208
16.6167 206
16.6333 203
16.65 201
16.6667 198
16.6833 196
16.7 193
16.7167 191
16.7333 188
16.75 186
16.7667 183
16.7833 181
16.8 178
16.8167 176
16.8333 173
16.85 171
16.8667 169
16.8833 166
16.9 164
16.9167 161
16.9333 159
16.95 156
16.9667 154
16.9833 152
