8.0 61
8.0167 63
8.0333 65
8.05 67
8.0667 69
8.0833 71
8.1 73
8.1167 75
8.1333 77
8.15 79
8.1667 81
8.1833 83
8.2 85
8.2167 87
8.2333 90
8.25 92
8.2667 94
8.2833 96
8.3 98
8.3167 101
8.3333 103
8.35 105
8.3667 108
8.3833 110
8.4 112
8.4167 115
8.4333 117
8.45 119
8.4667 122
8.4833 124
8.5 127
8.5167 129
8.5333 131
8.55 134
8.5667 136
8.5833 139
8.6 141
8.6167 144
8.6333 146
8.65 149
8.6667 152
8.6833 154
8.7 157
8.7167 159
8.7333 162
8.75 164
8.7667 167
8.7833 170
8.8 172
8.8167 175
8.8333 178
8.85 180
8.8667 183
8.8833 186
8.9 188
8.9167 191
8.9333 194
8.95 196
8.9667 199
8.9833 202
9.0 204
9.0167 208
9.0333 211
9.05 213
9.0667 216
9.0833 219
9.1 222
9.1167 224
9.1333 227
9.15 230
9.1667 233
9.1833 235
9.2 238
9.2167 241
9.2333 244
9.25 246
9.2667 249
9.2833 252
9.3 255
9.3167 257
9.3333 260
9.35 263
9.3667 266
9.3833 269
9.4 271
9.4167 274
9.4333 277
9.45 280
9.4667 282
9.4833 285
9.5 288
9.5167 291
9.5333 293
9.55 296
9.5667 299
9.5833 302
9.6 304
9.6167 307
9.6333 310
9.65 313
9.6667 315
9.6833 318
9.7 321
9.7167 324
9.7333 326
9.75 329
9.7667 332
9.7833 334
9.8 337
9.8167 340
9.8333 343
9.85 345
9.8667 348
9.8833 351
9.9 353
9.9167 356
9.9333 358
9.95 361
9.9667 364
9.9833 366
10.0 369
10.0167 372
10.0333 374
10.05 377
10.0667 379
10.0833 382
10.1 385
10.1167 387
10.1333 390
10.15 392
10.1667 395
10.1833 397
10.2 400
10.2167 402
10.2333 405
10.25 407
10.2667 410
10.2833 412
10.3 415
10.3167 417
10.3333 420
10.35 422
10.3667 425
10.3833 427
10.4 429
10.4167 432
10.4333 434
10.45 437
10.4667 439
10.4833 441
10.5 444
10.5167 446
10.5333 448
10.55 451
10.5667 453
10.5833 455
10.6 457
10.6167 460
10.6333 462
10.65 464
10.6667 466
10.6833 469
10.7 471
10.7167 473
10.7333 475
10.75 477
10.7667 479
10.7833 482
10.8 484
10.8167 486
10.8333 488
10.85 490
10.8667 492
10.8833 494
10.9 496
10.9167 498
10.9333 500
10.95 502
10.9667 504
10.9833 506
11.0 508
11.0167 510
11.0333 512
11.05 514
11.0667 516
11.0833 518
11.1 520
11.1167 521
11.1333 523
11.15 525
11.1667 527
11.1833 529
11.2 531
11.2167 532
11.2333 534
11.25 536
11.2667 538
11.2833 539
11.3 541
11.3167 543
11.3333 544
11.35 546
11.3667 548
11.3833 549
11.4 551
11.4167 552
11.4333 554
11.45 555
11.4667 557
11.4833 559
11.5 560
11.5167 562
11.5333 563
11.55 564
11.5667 566
11.5833 567
11.6 569
11.6167 570
11.6333 572
11.65 573
11.6667 574
11.6833 576
11.7 577
11.7167 578
11.7333 579
11.75 581
11.7667 582
11.7833 583
11.8 584
11.8167 586
11.8333 587
11.85 588
11.8667 589
11.8833 590
11.9 591
11.9167 592
11.9333 593
11.95 594
11.9667 596
11.9833 597
12.0 598
12.0167 599
12.0333 599
12.05 600
12.0667 601
12.0833 602
12.1 603
12.1167 604
12.1333 605
12.15 606
12.1667 607
12.1833 607
12.2 608
12.2167 609
12.2333 610
12.25 610
12.2667 611
12.2833 612
12.3 613
12.3167 613
12.3333 614
12.35 615
12.3667 615
12.3833 616
12.4 616
12.4167 617
12.4333 617
12.45 618
12.4667 618
12.4833 619
12.5 619
12.5167 620
12.5333 620
12.55 621
12.5667 621
12.5833 621
12.6 622
12.6167 622
12.6333 622
12.65 623
12.6667 623
12.6833 623
12.7 624
12.7167 624
12.7333 624
12.75 624
12.7667 624
12.7833 624
12.8 625
12.8167 625
12.8333 625
12.85 625
12.8667 625
12.8833 625
12.9 625
12.9167 625
12.9333 625
12.95 625
12.9667 625
12.9833 625
13.0 625
13.0167 625
13.0333 625
13.05 624
13.0667 624
13.0833 624
13.1 624
13.1167 624
13.1333 623
13.15 623
13.1667 623
13.1833 623
13.2 622
13.2167 622
13.2333 622
13.25 621
13.2667 621
13.2833 621
13.3 620
13.3167 620
13.3333 619
13.35 619
13.3667 618
13.3833 618
13.4 617
13.4167 617
13.4333 616
13.45 616
13.4667 615
13.4833 614
13.5 614
13.5167 613
13.5333 612
13.55 612
13.5667 611
13.5833 610
13.6 610
13.6167 609
13.6333 608
13.65 607
13.6667 606
13.6833 606
13.7 605
13.7167 604
13.7333 603
13.75 602
13.7667 601
13.7833 600
13.8 599
13.8167 598
13.8333 597
13.85 596
13.8667 595
13.8833 594
13.9 593
13.9167 592
13.9333 591
13.95 590
13.9667 589
13.9833 588
14.0 587
14.0167 585
14.0333 584
14.05 583
14.0667 582
14.0833 581
14.1 579
14.1167 578
14.1333 577
14.15 575
14.1667 574
14.1833 573
14.2 571
14.2167 570
14.2333 569
14.25 567
14.2667 566
14.2833 564
14.3 563
14.3167 561
14.3333 560
14.35 558
14.3667 557
14.3833 555
14.4 554
14.4167 552
14.4333 551
14.45 549
14.4667 547
14.4833 546
14.5 544
14.5167 542
14.5333 541
14.55 539
14.5667 537
14.5833 536
14.6 534
14.6167 532
14.6333 530
14.65 528
14.6667 527
14.6833 525
14.7 523
14.7167 521
14.7333 519
14.75 517
14.7667 516
14.7833 514
14.8 512
14.8167 510
14.8333 508
14.85 506
14.8667 504
14.8833 502
14.9 500
14.9167 498
14.9333 496
14.95 494
14.9667 492
14.9833 490
15.0 488
15.0167 486
15.0333 484
15.05 482
15.0667 480
15.0833 478
15.1 476
15.1167 473
15.1333 471
15.15 469
15.1667 467
15.1833 465
15.2 462
15.2167 460
15.2333 458
15.25 456
15.2667 453
15.2833 451
15.3 449
15.3167 446
15.3333 444
15.35 442
15.3667 439
15.3833 437
15.4 435
15.4167 432
15.4333 430
15.45 427
15.4667 425
15.4833 423
15.5 420
15.5167 418
15.5333 415
15.55 413
15.5667 410
15.5833 408
15.6 405
15.6167 403
15.6333 400
15.65 398
15.6667 395
15.6833 393
15.7 390
15.7167 387
15.7333 385
15.75 382
15.7667 380
15.7833 377
15.8 375
15.8167 372
15.8333 369
15.85 367
15.8667 364
15.8833 361
15.9 359
15.9167 356
15.9333 354
15.95 351
15.9667 348
15.9833 345
16.0 343
16.0167 340
16.0333 337
16.05 335
16.0667 332
16.0833 329
16.1 327
16.1167 324
16.1333 321
16.15 318
16.1667 316
16.1833 313
16.2 310
16.2167 307
16.2333 305
16.25 302
16.2667 299
16.2833 296
16.3 294
16.3167 291
16.3333 288
16.35 285
16.3667 283
16.3833 280
16.4 277
16.4167 274
16.4333 272
16.45 269
16.4667 266
16.4833 263
16.5 260
16.5167 258
16.5333 255
16.55 252
16.5667 249
16.5833 247
16.6 244
16.6167 241
16.6333 238
16.65 236
16.6667 233
16.6833 230
16.7 227
16.7167 224
16.7333 222
16.75 219
16.7667 216
16.7833 213
16.8 211
16.8167 208
16.8333 205
16.85 203
16.8667 200
16.8833 197
16.9 194
16.9167 192
16.9333 189
16.95 186
16.9667 184
16.9833 181
