8.0 67
8.0167 70
8.0333 73
8.05 76
8.0667 79
8.0833 82
8.1 86
8.1167 89
8.1333 92
8.15 95
8.1667 98
8.1833 102
8.2 105
8.2167 108
8.2333 111
8.25 115
8.2667 118
8.2833 121
8.3 125
8.3167 128
8.3333 131
8.35 135
8.3667 138
8.3833 142
8.4 145
8.4167 149
8.4333 152
8.45 156
8.4667 159
8.4833 163
8.5 166
8.5167 170
8.5333 173
8.55 177
8.5667 180
8.5833 184
8.6 187
8.6167 191
8.6333 194
8.65 198
8.6667 201
8.6833 205
8.7 208
8.7167 212
8.7333 215
8.75 219
8.7667 222
8.7833 226
8.8 230
8.8167 233
8.8333 237
8.85 240
8.8667 244
8.8833 247
8.9 251
8.9167 254
8.9333 258
8.95 261
8.9667 265
8.9833 268
9.0 272
9.0167 275
9.0333 279
9.05 282
9.0667 286
9.0833 289
9.1 293
9.1167 296
9.1333 300
9.15 303
9.1667 306
9.1833 310
9.2 313
9.2167 317
9.2333 320
9.25 324
9.2667 327
9.2833 330
9.3 334
9.3167 337
9.3333 340
9.35 344
9.3667 347
9.3833 350
9.4 354
9.4167 357
9.4333 360
9.45 364
9.4667 367
9.4833 370
9.5 374
9.5167 377
9.5333 380
9.55 383
9.5667 387
9.5833 390
9.6 393
9.6167 396
9.6333 400
9.65 403
9.6667 406
9.6833 409
9.7 412
9.7167 415
9.7333 419
9.75 422
9.7667 425
9.7833 428
9.8 431
9.8167 434
9.8333 437
9.85 440
9.8667 443
9.8833 446
9.9 449
9.9167 452
9.9333 455
9.95 458
9.9667 461
9.9833 464
10.0 467
10.0167 470
10.0333 473
10.05 476
10.0667 479
10.0833 482
10.1 485
10.1167 487
10.1333 490
10.15 493
10.1667 496
10.1833 499
10.2 502
10.2167 504
10.2333 507
10.25 510
10.2667 513
10.2833 515
10.3 518
10.3167 521
10.3333 523
10.35 526
10.3667 529
10.3833 531
10.4 534
10.4167 537
10.4333 539
10.45 542
10.4667 544
10.4833 547
10.5 549
10.5167 552
10.5333 554
10.55 557
10.5667 559
10.5833 562
10.6 564
10.6167 567
10.6333 569
10.65 571
10.6667 574
10.6833 576
10.7 579
10.7167 581
10.7333 583
10.75 585
10.7667 588
10.7833 590
10.8 592
10.8167 595
10.8333 597
10.85 599
10.8667 601
10.8833 603
10.9 605
10.9167 608
10.9333 610
10.95 612
10.9667 614
10.9833 616
11.0 618
11.0167 620
11.0333 622
11.05 624
11.0667 626
11.0833 628
11.1 630
11.1167 632
11.1333 634
11.15 636
11.1667 638
11.1833 639
11.2 641
11.2167 643
11.2333 645
11.25 647
11.2667 648
11.2833 650
11.3 652
11.3167 654
11.3333 655
11.35 657
11.3667 659
11.3833 660
11.4 662
11.4167 664
11.4333 665
11.45 667
11.4667 668
11.4833 670
11.5 671
11.5167 673
11.5333 674
11.55 676
11.5667 677
11.5833 679
11.6 680
11.6167 682
11.6333 683
11.65 684
11.6667 686
11.6833 687
11.7 688
11.7167 690
11.7333 691
11.75 692
11.7667 693
11.7833 694
11.8 696
11.8167 697
11.8333 698
11.85 699
11.8667 700
11.8833 701
11.9 702
11.9167 703
11.9333 704
11.95 705
11.9667 706
11.9833 707
12.0 708
12.0167 709
12.0333 710
12.05 711
12.0667 712
12.0833 713
12.1 714
12.1167 715
12.1333 715
12.15 716
12.1667 717
12.1833 718
12.2 718
12.2167 719
12.2333 720
12.25 721
12.2667 721
12.2833 722
12.3 722
12.3167 723
12.3333 724
12.35 724
12.3667 725
12.3833 725
12.4 726
12.4167 726
12.4333 727
12.45 727
12.4667 728
12.4833 728
12.5 728
12.5167 729
12.5333 729
12.55 729
12.5667 730
12.5833 730
12.6 730
12.6167 730
12.6333 731
12.65 731
12.6667 731
12.6833 731
12.7 731
12.7167 731
12.7333 732
12.75 732
12.7667 732
12.7833 732
12.8 732
12.8167 732
12.8333 732
12.85 732
12.8667 732
12.8833 732
12.9 732
12.9167 731
12.9333 731
12.95 731
12.9667 731
12.9833 731
13.0 731
13.0167 730
13.0333 730
13.05 730
13.0667 730
13.0833 729
13.1 729
13.1167 729
13.1333 728
13.15 728
13.1667 727
13.1833 727
13.2 727
13.2167 726
13.2333 726
13.25 725
13.2667 725
13.2833 724
13.3 724
13.3167 723
13.3333 722
13.35 722
13.3667 721
13.3833 720
13.4 720
13.4167 719
13.4333 718
13.45 718
13.4667 717
13.4833 716
13.5 715
13.5167 715
13.5333 714
13.55 713
13.5667 712
13.5833 711
13.6 710
13.6167 709
13.6333 708
13.65 707
13.6667 706
13.6833 705
13.7 704
13.7167 703
13.7333 702
13.75 701
13.7667 700
13.7833 699
13.8 698
13.8167 697
13.8333 695
13.85 694
13.8667 693
13.8833 692
13.9 691
13.9167 689
13.9333 688
13.95 687
13.9667 685
13.9833 684
14.0 683
14.0167 681
14.0333 680
14.05 679
14.0667 677
14.0833 676
14.1 674
14.1167 673
14.1333 671
14.15 670
14.1667 668
14.1833 667
14.2 665
14.2167 663
14.2333 662
14.25 660
14.2667 658
14.2833 657
14.3 655
14.3167 653
14.3333 652
14.35 650
14.3667 648
14.3833 646
14.4 645
14.4167 643
14.4333 641
14.45 639
14.4667 637
14.4833 635
14.5 633
14.5167 632
14.5333 630
14.55 628
14.5667 626
14.5833 624
14.6 622
14.6167 620
14.6333 618
14.65 616
14.6667 614
14.6833 611
14.7 609
14.7167 607
14.7333 605
14.75 603
14.7667 601
14.7833 599
14.8 596
14.8167 594
14.8333 592
14.85 590
14.8667 587
14.8833 585
14.9 583
14.9167 581
14.9333 578
14.95 576
14.9667 573
14.9833 571
15.0 569
15.0167 567
15.0333 565
15.05 562
15.0667 560
15.0833 557
15.1 555
15.1167 552
15.1333 550
15.15 547
15.1667 545
15.1833 542
15.2 540
15.2167 537
15.2333 534
15.25 532
15.2667 529
15.2833 526
15.3 524
15.3167 521
15.3333 518
15.35 516
15.3667 513
15.3833 510
15.4 508
15.4167 505
15.4333 502
15.45 499
15.4667 496
15.4833 494
15.5 491
15.5167 488
15.5333 485
15.55 482
15.5667 479
15.5833 476
15.6 473
15.6167 471
15.6333 468
15.65 465
15.6667 462
15.6833 459
15.7 456
15.7167 453
15.7333 450
15.75 447
15.7667 444
15.7833 441
15.8 438
15.8167 434
15.8333 431
15.85 428
15.8667 425
15.8833 422
15.9 419
15.9167 416
15.9333 413
15.95 409
15.9667 406
15.9833 403
16.0 400
16.0167 397
16.0333 393
16.05 390
16.0667 387
16.0833 384
16.1 381
16.1167 377
16.1333 374
16.15 371
16.1667 367
16.1833 364
16.2 361
16.2167 357
16.2333 354
16.25 351
16.2667 347
16.2833 344
16.3 341
16.3167 337
16.3333 334
16.35 331
16.3667 327
16.3833 324
16.4 320
16.4167 317
16.4333 314
16.45 310
16.4667 307
16.4833 303
16.5 300
16.5167 296
16.5333 293
16.55 289
16.5667 286
16.5833 282
16.6 279
16.6167 276
16.6333 272
16.65 269
16.6667 265
16.6833 262
16.7 258
16.7167 255
16.7333 251
16.75 247
16.7667 244
16.7833 240
16.8 237
16.8167 233
16.8333 230
16.85 226
16.8667 223
16.8833 219
16.9 216
16.9167 212
16.9333 209
16.95 205
16.9667 202
16.9833 198
