8.0 68
8.0167 71
8.0333 74
8.05 77
8.0667 80
8.0833 83
8.1 86
8.1167 89
8.1333 92
8.15 95
8.1667 98
8.1833 101
8.2 104
8.2167 108
8.2333 111
8.25 114
8.2667 117
8.2833 121
8.3 124
8.3167 127
8.3333 130
8.35 134
8.3667 137
8.3833 140
8.4 144
8.4167 147
8.4333 151
8.45 154
8.4667 158
8.4833 161
8.5 164
8.5167 168
8.5333 171
8.55 175
8.5667 178
8.5833 182
8.6 185
8.6167 189
8.6333 192
8.65 196
8.6667 199
8.6833 203
8.7 206
8.7167 210
8.7333 213
8.75 217
8.7667 221
8.7833 224
8.8 228
8.8167 231
8.8333 235
8.85 238
8.8667 242
8.8833 245
8.9 249
8.9167 252
8.9333 256
8.95 259
8.9667 263
8.9833 267
9.0 270
9.0167 274
9.0333 278
9.05 281
9.0667 285
9.0833 288
9.1 292
9.1167 295
9.1333 299
9.15 302
9.1667 306
9.1833 309
9.2 313
9.2167 316
9.2333 320
9.25 323
9.2667 327
9.2833 330
9.3 334
9.3167 337
9.3333 340
9.35 344
9.3667 347
9.3833 351
9.4 354
9.4167 358
9.4333 361
9.45 364
9.4667 368
9.4833 371
9.5 375
9.5167 378
9.5333 381
9.55 385
9.5667 388
9.5833 391
9.6 395
9.6167 398
9.6333 401
9.65 404
9.6667 408
9.6833 411
9.7 414
9.7167 418
9.7333 421
9.75 424
9.7667 427
9.7833 430
9.8 434
9.8167 437
9.8333 440
9.85 443
9.8667 446
9.8833 449
9.9 453
9.9167 456
9.9333 459
9.95 462
9.9667 465
9.9833 468
10.0 471
10.0167 474
10.0333 477
10.05 480
10.0667 483
10.0833 486
10.1 489
10.1167 492
10.1333 495
10.15 498
10.1667 501
10.1833 504
10.2 507
10.2167 510
10.2333 513
10.25 515
10.2667 518
10.2833 521
10.3 524
10.3167 527
10.3333 530
10.35 532
10.3667 535
10.3833 538
10.4 541
10.4167 543
10.4333 546
10.45 549
10.4667 551
10.4833 554
10.5 557
10.5167 559
10.5333 562
10.55 565
10.5667 567
10.5833 570
10.6 572
10.6167 575
10.6333 577
10.65 580
10.6667 582
10.6833 585
10.7 587
10.7167 590
10.7333 592
10.75 595
10.7667 597
10.7833 600
10.8 602
10.8167 604
10.8333 607
10.85 609
10.8667 611
10.8833 614
10.9 616
10.9167 618
10.9333 620
10.95 623
10.9667 625
10.9833 627
11.0 629
11.0167 631
11.0333 633
11.05 636
11.0667 638
11.0833 640
11.1 642
11.1167 644
11.1333 646
11.15 648
11.1667 650
11.1833 652
11.2 654
11.2167 656
11.2333 658
11.25 660
11.2667 662
11.2833 663
11.3 665
11.3167 667
11.3333 669
11.35 671
11.3667 673
11.3833 674
11.4 676
11.4167 678
11.4333 680
11.45 681
11.4667 683
11.4833 685
11.5 686
11.5167 688
11.5333 690
11.55 691
11.5667 693
11.5833 694
11.6 696
11.6167 697
11.6333 699
11.65 700
11.6667 702
11.6833 703
11.7 705
11.7167 706
11.7333 707
11.75 709
11.7667 710
11.7833 711
11.8 713
11.8167 714
11.8333 715
11.85 717
11.8667 718
11.8833 719
11.9 720
11.9167 721
11.9333 723
11.95 724
11.9667 725
11.9833 726
12.0 727
12.0167 728
12.0333 729
12.05 730
12.0667 731
12.0833 732
12.1 733
12.1167 734
12.1333 735
12.15 736
12.1667 737
12.1833 738
12.2 738
12.2167 739
12.2333 740
12.25 741
12.2667 742
12.2833 742
12.3 743
12.3167 744
12.3333 745
12.35 745
12.3667 746
12.3833 746
12.4 747
12.4167 748
12.4333 748
12.45 749
12.4667 749
12.4833 750
12.5 750
12.5167 751
12.5333 751
12.55 752
12.5667 752
12.5833 752
12.6 753
12.6167 753
12.6333 754
12.65 754
12.6667 754
12.6833 754
12.7 755
12.7167 755
12.7333 755
12.75 755
12.7667 755
12.7833 756
12.8 756
12.8167 756
12.8333 756
12.85 756
12.8667 756
12.8833 756
12.9 756
12.9167 756
12.9333 756
12.95 756
12.9667 756
12.9833 756
13.0 756
13.0167 756
13.0333 756
13.05 755
13.0667 755
13.0833 755
13.1 755
13.1167 754
13.1333 754
13.15 754
13.1667 754
13.1833 753
13.2 753
13.2167 753
13.2333 752
13.25 752
13.2667 751
13.2833 751
13.3 750
13.3167 750
13.3333 749
13.35 749
13.3667 748
13.3833 748
13.4 747
13.4167 747
13.4333 746
13.45 745
13.4667 745
13.4833 744
13.5 743
13.5167 743
13.5333 742
13.55 741
13.5667 740
13.5833 739
13.6 739
13.6167 738
13.6333 737
13.65 736
13.6667 735
13.6833 734
13.7 733
13.7167 732
13.7333 731
13.75 730
13.7667 729
13.7833 728
13.8 727
13.8167 726
13.8333 725
13.85 724
13.8667 723
13.8833 722
13.9 720
13.9167 719
13.9333 718
13.95 717
13.9667 716
13.9833 714
14.0 713
14.0167 712
14.0333 710
14.05 709
14.0667 708
14.0833 706
14.1 705
14.1167 704
14.1333 702
14.15 701
14.1667 699
14.1833 698
14.2 696
14.2167 695
14.2333 693
14.25 691
14.2667 690
14.2833 688
14.3 687
14.3167 685
14.3333 683
14.35 682
14.3667 680
14.3833 678
14.4 677
14.4167 675
14.4333 673
14.45 671
14.4667 669
14.4833 668
14.5 666
14.5167 664
14.5333 662
14.55 660
14.5667 658
14.5833 656
14.6 654
14.6167 652
14.6333 650
14.65 648
14.6667 646
14.6833 644
14.7 642
14.7167 640
14.7333 638
14.75 636
14.7667 634
14.7833 632
14.8 630
14.8167 627
14.8333 625
14.85 623
14.8667 621
14.8833 619
14.9 616
14.9167 614
14.9333 612
14.95 609
14.9667 607
14.9833 605
15.0 603
15.0167 601
15.0333 599
15.05 596
15.0667 594
15.0833 591
15.1 589
15.1167 587
15.1333 584
15.15 582
15.1667 579
15.1833 577
15.2 574
15.2167 571
15.2333 569
15.25 566
15.2667 564
15.2833 561
15.3 558
15.3167 556
15.3333 553
15.35 550
15.3667 548
15.3833 545
15.4 542
15.4167 540
15.4333 537
15.45 534
15.4667 531
15.4833 528
15.5 526
15.5167 523
15.5333 520
15.55 517
15.5667 514
15.5833 511
15.6 508
15.6167 506
15.6333 503
15.65 500
15.6667 497
15.6833 494
15.7 491
15.7167 488
15.7333 485
15.75 482
15.7667 479
15.7833 476
15.8 473
15.8167 470
15.8333 467
15.85 464
15.8667 460
15.8833 457
15.9 454
15.9167 451
15.9333 448
15.95 445
15.9667 442
15.9833 439
16.0 435
16.0167 432
16.0333 429
16.05 426
16.0667 422
16.0833 419
16.1 416
16.1167 413
16.1333 409
16.15 406
16.1667 403
16.1833 400
16.2 396
16.2167 393
16.2333 390
16.25 386
16.2667 383
16.2833 380
16.3 376
16.3167 373
16.3333 370
16.35 366
16.3667 363
16.3833 359
16.4 356
16.4167 352
16.4333 349
16.45 346
16.4667 342
16.4833 339
16.5 335
16.5167 332
16.5333 328
16.55 325
16.5667 321
16.5833 318
16.6 314
16.6167 311
16.6333 307
16.65 304
16.6667 300
16.6833 297
16.7 293
16.7167 290
16.7333 286
16.75 283
16.7667 279
16.7833 276
16.8 272
16.8167 269
16.8333 265
16.85 262
16.8667 258
16.8833 255
16.9 251
16.9167 247
16.9333 244
16.95 240
16.9667 237
16.9833 233
