8.0 91
8.0167 94
8.0333 98
8.05 101
8.0667 104
8.0833 108
8.1 111
8.1167 115
8.1333 118
8.15 122
8.1667 126
8.1833 129
8.2 133
8.2167 136
8.2333 140
8.25 144
8.2667 147
8.2833 151
8.3 155
8.3167 158
8.3333 162
8.35 166
8.3667 169
8.3833 173
8.4 177
8.4167 181
8.4333 184
8.45 188
8.4667 192
8.4833 196
8.5 199
8.5167 203
8.5333 207
8.55 211
8.5667 214
8.5833 218
8.6 222
8.6167 226
8.6333 229
8.65 233
8.6667 237
8.6833 241
8.7 244
8.7167 248
8.7333 252
8.75 256
8.7667 260
8.7833 263
8.8 267
8.8167 271
8.8333 275
8.85 278
8.8667 282
8.8833 286
8.9 290
8.9167 293
8.9333 297
8.95 301
8.9667 304
8.9833 308
9.0 312
9.0167 316
9.0333 320
9.05 324
9.0667 327
9.0833 331
9.1 335
9.1167 339
9.1333 342
9.15 346
9.1667 350
9.1833 353
9.2 357
9.2167 360
9.2333 364
9.25 368
9.2667 371
9.2833 375
9.3 378
9.3167 382
9.3333 386
9.35 389
9.3667 393
9.3833 396
9.4 400
9.4167 403
9.4333 407
9.45 410
9.4667 414
9.4833 417
9.5 421
9.5167 424
9.5333 428
9.55 431
9.5667 435
9.5833 438
9.6 442
9.6167 445
9.6333 449
9.65 452
9.6667 455
9.6833 459
9.7 462
9.7167 465
9.7333 469
9.75 472
9.7667 475
9.7833 479
9.8 482
9.8167 485
9.8333 489
9.85 492
9.8667 495
9.8833 498
9.9 502
9.9167 505
9.9333 508
9.95 511
9.9667 514
9.9833 517
10.0 521
10.0167 524
10.0333 527
10.05 530
10.0667 533
10.0833 536
10.1 539
10.1167 542
10.1333 545
10.15 548
10.1667 551
10.1833 554
10.2 557
10.2167 560
10.2333 563
10.25 566
10.2667 569
10.2833 572
10.3 575
10.3167 578
10.3333 581
10.35 584
10.3667 586
10.3833 589
10.4 592
10.4167 595
10.4333 598
10.45 600
10.4667 603
10.4833 606
10.5 609
10.5167 611
10.5333 614
10.55 617
10.5667 619
10.5833 622
10.6 625
10.6167 627
10.6333 630
10.65 632
10.6667 635
10.6833 637
10.7 640
10.7167 643
10.7333 645
10.75 648
10.7667 650
10.7833 652
10.8 655
10.8167 657
10.8333 660
10.85 662
10.8667 664
10.8833 667
10.9 669
10.9167 671
10.9333 674
10.95 676
10.9667 678
10.9833 681
11.0 683
11.0167 685
11.0333 687
11.05 689
11.0667 691
11.0833 694
11.1 696
11.1167 698
11.1333 700
11.15 702
11.1667 704
11.1833 706
11.2 708
11.2167 710
11.2333 712
11.25 714
11.2667 716
11.2833 718
11.3 720
11.3167 722
11.3333 724
11.35 725
11.3667 727
11.3833 729
11.4 731
11.4167 733
11.4333 734
11.45 736
11.4667 738
11.4833 740
11.5 741
11.5167 743
11.5333 745
11.55 746
11.5667 748
11.5833 750
11.6 751
11.6167 753
11.6333 754
11.65 756
11.6667 757
11.6833 759
11.7 760
11.7167 762
11.7333 763
11.75 764
11.7667 766
11.7833 767
11.8 769
11.8167 770
11.8333 771
11.85 772
11.8667 774
11.8833 775
11.9 776
11.9167 777
11.9333 779
11.95 780
11.9667 781
11.9833 782
12.0 783
12.0167 784
12.0333 785
12.05 786
12.0667 787
12.0833 788
12.1 789
12.1167 790
12.1333 791
12.15 792
12.1667 793
12.1833 794
12.2 795
12.2167 796
12.2333 797
12.25 798
12.2667 798
12.2833 799
12.3 800
12.3167 801
12.3333 801
12.35 802
12.3667 803
12.3833 803
12.4 804
12.4167 805
12.4333 805
12.45 806
12.4667 806
12.4833 807
12.5 807
12.5167 808
12.5333 808
12.55 809
12.5667 809
12.5833 810
12.6 810
12.6167 810
12.6333 811
12.65 811
12.6667 811
12.6833 812
12.7 812
12.7167 812
12.7333 812
12.75 813
12.7667 813
12.7833 813
12.8 813
12.8167 813
12.8333 813
12.85 813
12.8667 814
12.8833 814
12.9 814
12.9167 814
12.9333 814
12.95 814
12.9667 814
12.9833 813
13.0 813
13.0167 813
13.0333 813
13.05 813
13.0667 813
13.0833 813
13.1 812
13.1167 812
13.1333 812
13.15 812
13.1667 811
13.1833 811
13.2 811
13.2167 810
13.2333 810
13.25 810
13.2667 809
13.2833 809
13.3 808
13.3167 808
13.3333 807
13.35 807
13.3667 806
13.3833 806
13.4 805
13.4167 804
13.4333 804
13.45 803
13.4667 803
13.4833 802
13.5 801
13.5167 800
13.5333 800
13.55 799
13.5667 798
13.5833 797
13.6 797
13.6167 796
13.6333 795
13.65 794
13.6667 793
13.6833 792
13.7 791
13.7167 790
13.7333 789
13.75 788
13.7667 787
13.7833 786
13.8 785
13.8167 784
13.8333 783
13.85 782
13.8667 781
13.8833 780
13.9 778
13.9167 777
13.9333 776
13.95 775
13.9667 773
13.9833 772
14.0 771
14.0167 770
14.0333 768
14.05 767
14.0667 766
14.0833 764
14.1 763
14.1167 761
14.1333 760
14.15 758
14.1667 757
14.1833 755
14.2 754
14.2167 752
14.2333 751
14.25 749
14.2667 748
14.2833 746
14.3 744
14.3167 743
14.3333 741
14.35 739
14.3667 738
14.3833 736
14.4 734
14.4167 732
14.4333 731
14.45 729
14.4667 727
14.4833 725
14.5 723
14.5167 721
14.5333 720
14.55 718
14.5667 716
14.5833 714
14.6 712
14.6167 710
14.6333 708
14.65 706
14.6667 704
14.6833 702
14.7 700
14.7167 697
14.7333 695
14.75 693
14.7667 691
14.7833 689
14.8 687
14.8167 685
14.8333 682
14.85 680
14.8667 678
14.8833 676
14.9 673
14.9167 671
14.9333 669
14.95 666
14.9667 664
14.9833 662
15.0 660
15.0167 658
15.0333 655
15.05 653
15.0667 651
15.0833 648
15.1 646
15.1167 643
15.1333 641
15.15 638
15.1667 635
15.1833 633
15.2 630
15.2167 628
15.2333 625
15.25 623
15.2667 620
15.2833 617
15.3 615
15.3167 612
15.3333 609
15.35 606
15.3667 604
15.3833 601
15.4 598
15.4167 595
15.4333 593
15.45 590
15.4667 587
15.4833 584
15.5 581
15.5167 578
15.5333 575
15.55 573
15.5667 570
15.5833 567
15.6 564
15.6167 561
15.6333 558
15.65 555
15.6667 552
15.6833 549
15.7 546
15.7167 543
15.7333 540
15.75 537
15.7667 534
15.7833 530
15.8 527
15.8167 524
15.8333 521
15.85 518
15.8667 515
15.8833 512
15.9 508
15.9167 505
15.9333 502
15.95 499
15.9667 495
15.9833 492
16.0 489
16.0167 486
16.0333 482
16.05 479
16.0667 476
16.0833 472
16.1 469
16.1167 466
16.1333 462
16.15 459
16.1667 456
16.1833 452
16.2 449
16.2167 445
16.2333 442
16.25 439
16.2667 435
16.2833 432
16.3 428
16.3167 425
16.3333 421
16.35 418
16.3667 414
16.3833 411
16.4 407
16.4167 404
16.4333 400
16.45 397
16.4667 393
16.4833 390
16.5 386
16.5167 382
16.5333 379
16.55 375
16.5667 372
16.5833 368
16.6 364
16.6167 361
16.6333 357
16.65 353
16.6667 350
16.6833 346
16.7 342
16.7167 339
16.7333 335
16.75 331
16.7667 328
16.7833 324
16.8 320
16.8167 317
16.8333 313
16.85 309
16.8667 305
16.8833 302
16.9 298
16.9167 294
16.9333 290
16.95 287
16.9667 283
16.9833 279
