8.0 45
8.0167 46
8.0333 48
8.05 49
8.0667 51
8.0833 52
8.1 54
8.1167 56
8.1333 57
8.15 59
8.1667 61
8.1833 62
8.2 64
8.2167 65
8.2333 67
8.25 69
8.2667 71
8.2833 73
8.3 75
8.3167 76
8.3333 78
8.35 80
8.3667 82
8.3833 84
8.4 86
8.4167 88
8.4333 90
8.45 92
8.4667 94
8.4833 96
8.5 98
8.5167 100
8.5333 102
8.55 104
8.5667 107
8.5833 109
8.6 111
8.6167 113
8.6333 115
8.65 117
8.6667 119
8.6833 122
8.7 124
8.7167 126
8.7333 128
8.75 131
8.7667 133
8.7833 135
8.8 137
8.8167 140
8.8333 142
8.85 144
8.8667 147
8.8833 149
8.9 151
8.9167 154
8.9333 156
8.95 158
8.9667 161
8.9833 163
9.0 165
9.0167 168
9.0333 171
9.05 173
9.0667 176
9.0833 178
9.1 180
9.1167 183
9.1333 185
9.15 188
9.1667 190
9.1833 193
9.2 195
9.2167 197
9.2333 200
9.25 202
9.2667 205
9.2833 207
9.3 210
9.3167 212
9.3333 215
9.35 217
9.3667 220
9.3833 222
9.4 225
9.4167 227
9.4333 230
9.45 232
9.4667 235
9.4833 237
9.5 240
9.5167 242
9.5333 245
9.55 247
9.5667 250
9.5833 252
9.6 255
9.6167 257
9.6333 259
9.65 262
9.6667 264
9.6833 267
9.7 269
9.7167 272
9.7333 274
9.75 277
9.7667 279
9.7833 282
9.8 284
9.8167 287
9.8333 289
9.85 292
9.8667 294
9.8833 296
9.9 299
9.9167 301
9.9333 304
9.95 306
9.9667 309
9.9833 311
10.0 313
10.0167 316
10.0333 318
10.05 321
10.0667 323
10.0833 325
10.1 328
10.1167 330
10.1333 332
10.15 335
10.1667 337
10.1833 339
10.2 342
10.2167 344
10.2333 346
10.25 349
10.2667 351
10.2833 353
10.3 356
10.3167 358
10.3333 360
10.35 362
10.3667 365
10.3833 367
10.4 369
10.4167 371
10.4333 373
10.45 376
10.4667 378
10.4833 380
10.5 382
10.5167 384
10.5333 387
10.55 389
10.5667 391
10.5833 393
10.6 395
10.6167 397
10.6333 399
10.65 401
10.6667 403
10.6833 405
10.7 407
10.7167 410
10.7333 412
10.75 414
10.7667 416
10.7833 418
10.8 420
10.8167 422
10.8333 423
10.85 425
10.8667 427
10.8833 429
10.9 431
10.9167 433
10.9333 435
10.95 437
10.9667 439
10.9833 441
11.0 442
11.0167 444
11.0333 446
11.05 448
11.0667 450
11.0833 451
11.1 453
11.1167 455
11.1333 457
11.15 458
11.1667 460
11.1833 462
11.2 463
11.2167 465
11.2333 467
11.25 468
11.2667 470
11.2833 472
11.3 473
11.3167 475
11.3333 476
11.35 478
11.3667 479
11.3833 481
11.4 482
11.4167 484
11.4333 485
11.45 487
11.4667 488
11.4833 490
11.5 491
11.5167 493
11.5333 494
11.55 495
11.5667 497
11.5833 498
11.6 499
11.6167 501
11.6333 502
11.65 503
11.6667 505
11.6833 506
11.7 507
11.7167 508
11.7333 510
11.75 511
11.7667 512
11.7833 513
11.8 514
11.8167 515
11.8333 516
11.85 518
11.8667 519
11.8833 520
11.9 521
11.9167 522
11.9333 523
11.95 524
11.9667 525
11.9833 526
12.0 527
12.0167 528
12.0333 529
12.05 529
12.0667 530
12.0833 531
12.1 532
12.1167 533
12.1333 534
12.15 534
12.1667 535
12.1833 536
12.2 537
12.2167 538
12.2333 538
12.25 539
12.2667 540
12.2833 540
12.3 541
12.3167 542
12.3333 542
12.35 543
12.3667 543
12.3833 544
12.4 544
12.4167 545
12.4333 546
12.45 546
12.4667 546
12.4833 547
12.5 547
12.5167 548
12.5333 548
12.55 549
12.5667 549
12.5833 549
12.6 550
12.6167 550
12.6333 550
12.65 551
12.6667 551
12.6833 551
12.7 551
12.7167 552
12.7333 552
12.75 552
12.7667 552
12.7833 552
12.8 552
12.8167 553
12.8333 553
12.85 553
12.8667 553
12.8833 553
12.9 553
12.9167 553
12.9333 553
12.95 553
12.9667 553
12.9833 553
13.0 553
13.0167 553
13.0333 553
13.05 552
13.0667 552
13.0833 552
13.1 552
13.1167 552
13.1333 551
13.15 551
13.1667 551
13.1833 551
13.2 550
13.2167 550
13.2333 550
13.25 550
13.2667 549
13.2833 549
13.3 548
13.3167 548
13.3333 548
13.35 547
13.3667 547
13.3833 546
13.4 546
13.4167 545
13.4333 545
13.45 544
13.4667 544
13.4833 543
13.5 542
13.5167 542
13.5333 541
13.55 541
13.5667 540
13.5833 539
13.6 539
13.6167 538
13.6333 537
13.65 536
13.6667 536
13.6833 535
13.7 534
13.7167 533
13.7333 532
13.75 532
13.7667 531
13.7833 530
13.8 529
13.8167 528
13.8333 527
13.85 526
13.8667 525
13.8833 524
13.9 523
13.9167 522
13.9333 521
13.95 520
13.9667 519
13.9833 518
14.0 517
14.0167 516
14.0333 515
14.05 514
14.0667 512
14.0833 511
14.1 510
14.1167 509
14.1333 508
14.15 506
14.1667 505
14.1833 504
14.2 503
14.2167 501
14.2333 500
14.25 499
14.2667 497
14.2833 496
14.3 495
14.3167 493
14.3333 492
14.35 490
14.3667 489
14.3833 488
14.4 486
14.4167 485
14.4333 483
14.45 482
14.4667 480
14.4833 479
14.5 477
14.5167 475
14.5333 474
14.55 472
14.5667 471
14.5833 469
14.6 467
14.6167 466
14.6333 464
14.65 462
14.6667 461
14.6833 459
14.7 457
14.7167 456
14.7333 454
14.75 452
14.7667 450
14.7833 449
14.8 447
14.8167 445
14.8333 443
14.85 441
14.8667 439
14.8833 438
14.9 436
14.9167 434
14.9333 432
14.95 430
14.9667 428
14.9833 426
15.0 425
15.0167 423
15.0333 421
15.05 419
15.0667 417
15.0833 415
15.1 413
15.1167 411
15.1333 409
15.15 407
15.1667 405
15.1833 403
15.2 401
15.2167 399
15.2333 397
15.25 395
15.2667 392
15.2833 390
15.3 388
15.3167 386
15.3333 384
15.35 382
15.3667 380
15.3833 377
15.4 375
15.4167 373
15.4333 371
15.45 368
15.4667 366
15.4833 364
15.5 362
15.5167 359
15.5333 357
15.55 355
15.5667 353
15.5833 350
15.6 348
15.6167 346
15.6333 343
15.65 341
15.6667 339
15.6833 336
15.7 334
15.7167 332
15.7333 329
15.75 327
15.7667 325
15.7833 322
15.8 320
15.8167 317
15.8333 315
15.85 313
15.8667 310
15.8833 308
15.9 305
15.9167 303
15.9333 301
15.95 298
15.9667 296
15.9833 293
16.0 291
16.0167 288
16.0333 286
16.05 283
16.0667 281
16.0833 278
16.1 276
16.1167 274
16.1333 271
16.15 269
16.1667 266
16.1833 264
16.2 261
16.2167 259
16.2333 256
16.25 254
16.2667 251
16.2833 249
16.3 246
16.3167 244
16.3333 241
16.35 239
16.3667 236
16.3833 234
16.4 231
16.4167 229
16.4333 226
16.45 224
16.4667 221
16.4833 219
16.5 216
16.5167 214
16.5333 211
16.55 209
16.5667 206
16.5833 204
16.6 202
16.6167 199
16.6333 197
16.65 194
16.6667 192
16.6833 189
16.7 187
16.7167 184
16.7333 182
16.75 179
16.7667 177
16.7833 175
16.8 172
16.8167 170
16.8333 167
16.85 165
16.8667 163
16.8833 160
16.9 158
16.9167 156
16.9333 153
16.95 151
16.9667 149
16.9833 146
