8.0 46
8.0167 48
8.0333 50
8.05 52
8.0667 54
8.0833 56
8.1 58
8.1167 60
8.1333 62
8.15 65
8.1667 67
8.1833 69
8.2 72
8.2167 74
8.2333 77
8.25 79
8.2667 82
8.2833 84
8.3 87
8.3167 89
8.3333 92
8.35 94
8.3667 97
8.3833 100
8.4 102
8.4167 105
8.4333 108
8.45 110
8.4667 113
8.4833 116
8.5 119
8.5167 122
8.5333 124
8.55 127
8.5667 130
8.5833 133
8.6 136
8.6167 139
8.6333 141
8.65 144
8.6667 147
8.6833 150
8.7 153
8.7167 156
8.7333 159
8.75 162
8.7667 165
8.7833 168
8.8 171
8.8167 174
8.8333 177
8.85 180
8.8667 183
8.8833 186
8.9 189
8.9167 192
8.9333 195
8.95 198
8.9667 201
8.9833 204
9.0 207
9.0167 210
9.0333 213
9.05 216
9.0667 219
9.0833 222
9.1 225
9.1167 228
9.1333 231
9.15 234
9.1667 237
9.1833 240
9.2 243
9.2167 246
9.2333 249
9.25 252
9.2667 255
9.2833 258
9.3 261
9.3167 264
9.3333 267
9.35 270
9.3667 273
9.3833 276
9.4 279
9.4167 282
9.4333 285
9.45 288
9.4667 291
9.4833 294
9.5 297
9.5167 300
9.5333 303
9.55 306
9.5667 309
9.5833 312
9.6 315
9.6167 318
9.6333 321
9.65 324
9.6667 327
9.6833 330
9.7 333
9.7167 335
9.7333 338
9.75 341
9.7667 344
9.7833 347
9.8 350
9.8167 353
9.8333 355
9.85 358
9.8667 361
9.8833 364
9.9 367
9.9167 370
9.9333 372
9.95 375
9.9667 378
9.9833 381
10.0 383
10.0167 386
10.0333 389
10.05 392
10.0667 394
10.0833 397
10.1 400
10.1167 402
10.1333 405
10.15 408
10.1667 410
10.1833 413
10.2 415
10.2167 418
10.2333 421
10.25 423
10.2667 426
10.2833 428
10.3 431
10.3167 433
10.3333 436
10.35 438
10.3667 441
10.3833 443
10.4 446
10.4167 448
10.4333 451
10.45 453
10.4667 456
10.4833 458
10.5 460
10.5167 463
10.5333 465
10.55 468
10.5667 470
10.5833 472
10.6 475
10.6167 477
10.6333 479
10.65 481
10.6667 484
10.6833 486
10.7 488
10.7167 490
10.7333 493
10.75 495
10.7667 497
10.7833 499
10.8 501
10.8167 503
10.8333 505
10.85 507
10.8667 510
10.8833 512
10.9 514
10.9167 516
10.9333 518
10.95 520
10.9667 522
10.9833 524
11.0 526
11.0167 528
11.0333 530
11.05 531
11.0667 533
11.0833 535
11.1 537
11.1167 539
11.1333 541
11.15 543
11.1667 544
11.1833 546
11.2 548
11.2167 550
11.2333 551
11.25 553
11.2667 555
11.2833 556
11.3 558
11.3167 560
11.3333 561
11.35 563
11.3667 565
11.3833 566
11.4 568
11.4167 569
11.4333 571
11.45 572
11.4667 574
11.4833 575
11.5 577
11.5167 578
11.5333 580
11.55 581
11.5667 582
11.5833 584
11.6 585
11.6167 587
11.6333 588
11.65 589
11.6667 590
11.6833 592
11.7 593
11.7167 594
11.7333 595
11.75 597
11.7667 598
11.7833 599
11.8 600
11.8167 601
11.8333 602
11.85 603
11.8667 604
11.8833 606
11.9 607
11.9167 608
11.9333 609
11.95 610
11.9667 611
11.9833 611
12.0 612
12.0167 613
12.0333 614
12.05 615
12.0667 616
12.0833 617
12.1 618
12.1167 618
12.1333 619
12.15 620
12.1667 621
12.1833 621
12.2 622
12.2167 623
12.2333 623
12.25 624
12.2667 625
12.2833 625
12.3 626
12.3167 627
12.3333 627
12.35 628
12.3667 628
12.3833 629
12.4 629
12.4167 630
12.4333 630
12.45 630
12.4667 631
12.4833 631
12.5 632
12.5167 632
12.5333 632
12.55 633
12.5667 633
12.5833 633
12.6 633
12.6167 634
12.6333 634
12.65 634
12.6667 634
12.6833 634
12.7 635
12.7167 635
12.7333 635
12.75 635
12.7667 635
12.7833 635
12.8 635
12.8167 635
12.8333 635
12.85 635
12.8667 635
12.8833 635
12.9 635
12.9167 635
12.9333 634
12.95 634
12.9667 634
12.9833 634
13.0 634
13.0167 634
13.0333 633
13.05 633
13.0667 633
13.0833 633
13.1 632
13.1167 632
13.1333 632
13.15 631
13.1667 631
13.1833 630
13.2 630
13.2167 629
13.2333 629
13.25 629
13.2667 628
13.2833 628
13.3 627
13.3167 626
13.3333 626
13.35 625
13.3667 625
13.3833 624
13.4 623
13.4167 623
13.4333 622
13.45 621
13.4667 621
13.4833 620
13.5 619
13.5167 618
13.5333 617
13.55 617
13.5667 616
13.5833 615
13.6 614
13.6167 613
13.6333 612
13.65 611
13.6667 610
13.6833 609
13.7 608
13.7167 607
13.7333 606
13.75 605
13.7667 604
13.7833 603
13.8 602
13.8167 601
13.8333 600
13.85 599
13.8667 598
13.8833 596
13.9 595
13.9167 594
13.9333 593
13.95 592
13.9667 590
13.9833 589
14.0 588
14.0167 586
14.0333 585
14.05 584
14.0667 582
14.0833 581
14.1 579
14.1167 578
14.1333 577
14.15 575
14.1667 574
14.1833 572
14.2 571
14.2167 569
14.2333 568
14.25 566
14.2667 564
14.2833 563
14.3 561
14.3167 560
14.3333 558
14.35 556
14.3667 555
14.3833 553
14.4 551
14.4167 549
14.4333 548
14.45 546
14.4667 544
14.4833 542
14.5 540
14.5167 539
14.5333 537
14.55 535
14.5667 533
14.5833 531
14.6 529
14.6167 527
14.6333 525
14.65 523
14.6667 521
14.6833 519
14.7 517
14.7167 515
14.7333 513
14.75 511
14.7667 509
14.7833 507
14.8 505
14.8167 503
14.8333 501
14.85 499
14.8667 497
14.8833 494
14.9 492
14.9167 490
14.9333 488
14.95 486
14.9667 483
14.9833 481
15.0 480
15.0167 477
15.0333 475
15.05 473
15.0667 470
15.0833 468
15.1 466
15.1167 463
15.1333 461
15.15 458
15.1667 456
15.1833 454
15.2 451
15.2167 449
15.2333 446
15.25 444
15.2667 441
15.2833 439
15.3 436
15.3167 434
15.3333 431
15.35 429
15.3667 426
15.3833 424
15.4 421
15.4167 418
15.4333 416
15.45 413
15.4667 411
15.4833 408
15.5 405
15.5167 403
15.5333 400
15.55 397
15.5667 395
15.5833 392
15.6 389
15.6167 386
15.6333 384
15.65 381
15.6667 378
15.6833 375
15.7 373
15.7167 370
15.7333 367
15.75 364
15.7667 361
15.7833 359
15.8 356
15.8167 353
15.8333 350
15.85 347
15.8667 344
15.8833 342
15.9 339
15.9167 336
15.9333 333
15.95 330
15.9667 327
15.9833 324
16.0 321
16.0167 318
16.0333 315
16.05 312
16.0667 309
16.0833 306
16.1 303
16.1167 301
16.1333 298
16.15 295
16.1667 292
16.1833 289
16.2 286
16.2167 283
16.2333 280
16.25 277
16.2667 274
16.2833 271
16.3 268
16.3167 265
16.3333 262
16.35 259
16.3667 255
16.3833 252
16.4 249
16.4167 246
16.4333 243
16.45 240
16.4667 237
16.4833 234
16.5 231
16.5167 228
16.5333 225
16.55 222
16.5667 219
16.5833 216
16.6 213
16.6167 210
16.6333 207
16.65 204
16.6667 201
16.6833 198
16.7 195
16.7167 192
16.7333 189
16.75 186
16.7667 183
16.7833 180
16.8 177
16.8167 174
16.8333 171
16.85 168
16.8667 165
16.8833 162
16.9 159
16.9167 156
16.9333 153
16.95 150
16.9667 147
16.9833 145
