8.0 39
8.0167 41
8.0333 42
8.05 44
8.0667 46
8.0833 48
8.1 49
8.1167 51
8.1333 53
8.15 55
8.1667 57
8.1833 59
8.2 61
8.2167 63
8.2333 65
8.25 67
8.2667 69
8.2833 71
8.3 73
8.3167 75
8.3333 77
8.35 79
8.3667 81
8.3833 84
8.4 86
8.4167 88
8.4333 91
8.45 93
8.4667 95
8.4833 98
8.5 100
8.5167 102
8.5333 105
8.55 107
8.5667 110
8.5833 112
8.6 114
8.6167 117
8.6333 119
8.65 122
8.6667 124
8.6833 127
8.7 129
8.7167 132
8.7333 134
8.75 137
8.7667 139
8.7833 142
8.8 145
8.8167 147
8.8333 150
8.85 152
8.8667 155
8.8833 158
8.9 160
8.9167 163
8.9333 165
8.95 168
8.9667 171
8.9833 173
9.0 176
9.0167 179
9.0333 182
9.05 184
9.0667 187
9.0833 190
9.1 192
9.1167 195
9.1333 198
9.15 200
9.1667 203
9.1833 206
9.2 209
9.2167 211
9.2333 214
9.25 217
9.2667 219
9.2833 222
9.3 225
9.3167 228
9.3333 230
9.35 233
9.3667 236
9.3833 238
9.4 241
9.4167 244
9.4333 247
9.45 249
9.4667 252
9.4833 255
9.5 257
9.5167 260
9.5333 263
9.55 266
9.5667 268
9.5833 271
9.6 274
9.6167 276
9.6333 279
9.65 282
9.6667 284
9.6833 287
9.7 290
9.7167 292
9.7333 295
9.75 298
9.7667 300
9.7833 303
9.8 306
9.8167 308
9.8333 311
9.85 313
9.8667 316
9.8833 319
9.9 321
9.9167 324
9.9333 326
9.95 329
9.9667 332
9.9833 334
10.0 337
10.0167 339
10.0333 342
10.05 344
10.0667 347
10.0833 349
10.1 352
10.1167 354
10.1333 357
10.15 359
10.1667 362
10.1833 364
10.2 367
10.2167 369
10.2333 371
10.25 374
10.2667 376
10.2833 379
10.3 381
10.3167 383
10.3333 386
10.35 388
10.3667 390
10.3833 393
10.4 395
10.4167 397
10.4333 400
10.45 402
10.4667 404
10.4833 406
10.5 409
10.5167 411
10.5333 413
10.55 415
10.5667 418
10.5833 420
10.6 422
10.6167 424
10.6333 426
10.65 428
10.6667 431
10.6833 433
10.7 435
10.7167 437
10.7333 439
10.75 441
10.7667 443
10.7833 445
10.8 447
10.8167 449
10.8333 451
10.85 453
10.8667 455
10.8833 457
10.9 459
10.9167 461
10.9333 463
10.95 465
10.9667 467
10.9833 468
11.0 470
11.0167 472
11.0333 474
11.05 476
11.0667 478
11.0833 479
11.1 481
11.1167 483
11.1333 485
11.15 486
11.1667 488
11.1833 490
11.2 491
11.2167 493
11.2333 495
11.25 496
11.2667 498
11.2833 500
11.3 501
11.3167 503
11.3333 504
11.35 506
11.3667 507
11.3833 509
11.4 510
11.4167 512
11.4333 513
11.45 515
11.4667 516
11.4833 518
11.5 519
11.5167 520
11.5333 522
11.55 523
11.5667 524
11.5833 526
11.6 527
11.6167 528
11.6333 530
11.65 531
11.6667 532
11.6833 533
11.7 534
11.7167 536
11.7333 537
11.75 538
11.7667 539
11.7833 540
11.8 541
11.8167 542
11.8333 543
11.85 544
11.8667 545
11.8833 546
11.9 547
11.9167 548
11.9333 549
11.95 550
11.9667 551
11.9833 552
12.0 553
12.0167 554
12.0333 555
12.05 556
12.0667 556
12.0833 557
12.1 558
12.1167 559
12.1333 559
12.15 560
12.1667 561
12.1833 562
12.2 562
12.2167 563
12.2333 564
12.25 564
12.2667 565
12.2833 565
12.3 566
12.3167 567
12.3333 567
12.35 568
12.3667 568
12.3833 569
12.4 569
12.4167 569
12.4333 570
12.45 570
12.4667 571
12.4833 571
12.5 571
12.5167 572
12.5333 572
12.55 572
12.5667 573
12.5833 573
12.6 573
12.6167 573
12.6333 574
12.65 574
12.6667 574
12.6833 574
12.7 574
12.7167 574
12.7333 574
12.75 574
12.7667 575
12.7833 575
12.8 575
12.8167 575
12.8333 575
12.85 575
12.8667 575
12.8833 574
12.9 574
12.9167 574
12.9333 574
12.95 574
12.9667 574
12.9833 574
13.0 574
13.0167 573
13.0333 573
13.05 573
13.0667 573
13.0833 572
13.1 572
13.1167 572
13.1333 571
13.15 571
13.1667 571
13.1833 570
13.2 570
13.2167 569
13.2333 569
13.25 568
13.2667 568
13.2833 567
13.3 567
13.3167 566
13.3333 566
13.35 565
13.3667 565
13.3833 564
13.4 563
13.4167 563
13.4333 562
13.45 561
13.4667 561
13.4833 560
13.5 559
13.5167 559
13.5333 558
13.55 557
13.5667 556
13.5833 555
13.6 555
13.6167 554
13.6333 553
13.65 552
13.6667 551
13.6833 550
13.7 549
13.7167 548
13.7333 547
13.75 546
13.7667 545
13.7833 544
13.8 543
13.8167 542
13.8333 541
13.85 540
13.8667 539
13.8833 538
13.9 537
13.9167 535
13.9333 534
13.95 533
13.9667 532
13.9833 531
14.0 529
14.0167 528
14.0333 527
14.05 525
14.0667 524
14.0833 523
14.1 522
14.1167 520
14.1333 519
14.15 517
14.1667 516
14.1833 515
14.2 513
14.2167 512
14.2333 510
14.25 509
14.2667 507
14.2833 506
14.3 504
14.3167 503
14.3333 501
14.35 499
14.3667 498
14.3833 496
14.4 495
14.4167 493
14.4333 491
14.45 490
14.4667 488
14.4833 486
14.5 484
14.5167 483
14.5333 481
14.55 479
14.5667 477
14.5833 476
14.6 474
14.6167 472
14.6333 470
14.65 468
14.6667 466
14.6833 464
14.7 463
14.7167 461
14.7333 459
14.75 457
14.7667 455
14.7833 453
14.8 451
14.8167 449
14.8333 447
14.85 445
14.8667 443
14.8833 441
14.9 439
14.9167 437
14.9333 434
14.95 432
14.9667 430
14.9833 428
15.0 427
15.0167 425
15.0333 422
15.05 420
15.0667 418
15.0833 416
15.1 414
15.1167 411
15.1333 409
15.15 407
15.1667 405
15.1833 402
15.2 400
15.2167 398
15.2333 395
15.25 393
15.2667 391
15.2833 388
15.3 386
15.3167 384
15.3333 381
15.35 379
15.3667 377
15.3833 374
15.4 372
15.4167 369
15.4333 367
15.45 364
15.4667 362
15.4833 360
15.5 357
15.5167 355
15.5333 352
15.55 350
15.5667 347
15.5833 345
15.6 342
15.6167 339
15.6333 337
15.65 334
15.6667 332
15.6833 329
15.7 327
15.7167 324
15.7333 322
15.75 319
15.7667 316
15.7833 314
15.8 311
15.8167 308
15.8333 306
15.85 303
15.8667 301
15.8833 298
15.9 295
15.9167 293
15.9333 290
15.95 287
15.9667 285
15.9833 282
16.0 279
16.0167 277
16.0333 274
16.05 271
16.0667 269
16.0833 266
16.1 263
16.1167 260
16.1333 258
16.15 255
16.1667 252
16.1833 250
16.2 247
16.2167 244
16.2333 241
16.25 239
16.2667 236
16.2833 233
16.3 231
16.3167 228
16.3333 225
16.35 222
16.3667 220
16.3833 217
16.4 214
16.4167 211
16.4333 209
16.45 206
16.4667 203
16.4833 201
16.5 198
16.5167 195
16.5333 193
16.55 190
16.5667 187
16.5833 184
16.6 182
16.6167 179
16.6333 176
16.65 174
16.6667 171
16.6833 168
16.7 166
16.7167 163
16.7333 160
16.75 158
16.7667 155
16.7833 153
16.8 150
16.8167 147
16.8333 145
16.85 142
16.8667 140
16.8833 137
16.9 135
16.9167 132
16.9333 129
16.95 127
16.9667 124
16.9833 122
