8.0 43
8.0167 45
8.0333 47
8.05 49
8.0667 51
8.0833 53
8.1 55
8.1167 57
8.1333 59
8.15 61
8.1667 63
8.1833 65
8.2 68
8.2167 70
8.2333 72
8.25 74
8.2667 77
8.2833 79
8.3 81
8.3167 84
8.3333 86
8.35 89
8.3667 91
8.3833 94
8.4 96
8.4167 99
8.4333 101
8.45 104
8.4667 107
8.4833 109
8.5 112
8.5167 114
8.5333 117
8.55 120
8.5667 122
8.5833 125
8.6 128
8.6167 131
8.6333 133
8.65 136
8.6667 139
8.6833 142
8.7 144
8.7167 147
8.7333 150
8.75 153
8.7667 156
8.7833 158
8.8 161
8.8167 164
8.8333 167
8.85 170
8.8667 173
8.8833 175
8.9 178
8.9167 181
8.9333 184
8.95 187
8.9667 190
8.9833 193
9.0 196
9.0167 199
9.0333 202
9.05 204
9.0667 207
9.0833 210
9.1 213
9.1167 216
9.1333 219
9.15 222
9.1667 225
9.1833 228
9.2 231
9.2167 234
9.2333 237
9.25 240
9.2667 242
9.2833 245
9.3 248
9.3167 251
9.3333 254
9.35 257
9.3667 260
9.3833 263
9.4 266
9.4167 269
9.4333 272
9.45 275
9.4667 277
9.4833 280
9.5 283
9.5167 286
9.5333 289
9.55 292
9.5667 295
9.5833 298
9.6 300
9.6167 303
9.6333 306
9.65 309
9.6667 312
9.6833 315
9.7 317
9.7167 320
9.7333 323
9.75 326
9.7667 329
9.7833 331
9.8 334
9.8167 337
9.8333 340
9.85 343
9.8667 345
9.8833 348
9.9 351
9.9167 354
9.9333 356
9.95 359
9.9667 362
9.9833 364
10.0 367
10.0167 370
10.0333 372
10.05 375
10.0667 378
10.0833 380
10.1 383
10.1167 386
10.1333 388
10.15 391
10.1667 393
10.1833 396
10.2 398
10.2167 401
10.2333 404
10.25 406
10.2667 409
10.2833 411
10.3 414
10.3167 416
10.3333 419
10.35 421
10.3667 423
10.3833 426
10.4 428
10.4167 431
10.4333 433
10.45 435
10.4667 438
10.4833 440
10.5 443
10.5167 445
10.5333 447
10.55 450
10.5667 452
10.5833 454
10.6 456
10.6167 459
10.6333 461
10.65 463
10.6667 465
10.6833 468
10.7 470
10.7167 472
10.7333 474
10.75 476
10.7667 478
10.7833 480
10.8 483
10.8167 485
10.8333 487
10.85 489
10.8667 491
10.8833 493
10.9 495
10.9167 497
10.9333 499
10.95 501
10.9667 503
10.9833 505
11.0 507
11.0167 509
11.0333 510
11.05 512
11.0667 514
11.0833 516
11.1 518
11.1167 520
11.1333 521
11.15 523
11.1667 525
11.1833 527
11.2 528
11.2167 530
11.2333 532
11.25 534
11.2667 535
11.2833 537
11.3 539
11.3167 540
11.3333 542
11.35 543
11.3667 545
11.3833 547
11.4 548
11.4167 550
11.4333 551
11.45 553
11.4667 554
11.4833 556
11.5 557
11.5167 558
11.5333 560
11.55 561
11.5667 563
11.5833 564
11.6 565
11.6167 567
11.6333 568
11.65 569
11.6667 570
11.6833 572
11.7 573
11.7167 574
11.7333 575
11.75 577
11.7667 578
11.7833 579
11.8 580
11.8167 581
11.8333 582
11.85 583
11.8667 584
11.8833 585
11.9 586
11.9167 587
11.9333 588
11.95 589
11.9667 590
11.9833 591
12.0 592
12.0167 593
12.0333 594
12.05 595
12.0667 596
12.0833 596
12.1 597
12.1167 598
12.1333 599
12.15 600
12.1667 600
12.1833 601
12.2 602
12.2167 602
12.2333 603
12.25 604
12.2667 604
12.2833 605
12.3 605
12.3167 606
12.3333 607
12.35 607
12.3667 608
12.3833 608
12.4 609
12.4167 609
12.4333 609
12.45 610
12.4667 610
12.4833 611
12.5 611
12.5167 611
12.5333 612
12.55 612
12.5667 612
12.5833 613
12.6 613
12.6167 613
12.6333 613
12.65 613
12.6667 614
12.6833 614
12.7 614
12.7167 614
12.7333 614
12.75 614
12.7667 614
12.7833 614
12.8 614
12.8167 614
12.8333 614
12.85 614
12.8667 614
12.8833 614
12.9 614
12.9167 614
12.9333 614
12.95 614
12.9667 614
12.9833 613
13.0 613
13.0167 613
13.0333 613
13.05 613
13.0667 612
13.0833 612
13.1 612
13.1167 611
13.1333 611
13.15 611
13.1667 610
13.1833 610
13.2 609
13.2167 609
13.2333 609
13.25 608
13.2667 608
13.2833 607
13.3 606
13.3167 606
13.3333 605
13.35 605
13.3667 604
13.3833 604
13.4 603
13.4167 602
13.4333 602
13.45 601
13.4667 600
13.4833 599
13.5 599
13.5167 598
13.5333 597
13.55 596
13.5667 595
13.5833 595
13.6 594
13.6167 593
13.6333 592
13.65 591
13.6667 590
13.6833 589
13.7 588
13.7167 587
13.7333 586
13.75 585
13.7667 584
13.7833 583
13.8 582
13.8167 581
13.8333 580
13.85 579
13.8667 577
13.8833 576
13.9 575
13.9167 574
13.9333 573
13.95 571
13.9667 570
13.9833 569
14.0 568
14.0167 566
14.0333 565
14.05 564
14.0667 562
14.0833 561
14.1 560
14.1167 558
14.1333 557
14.15 555
14.1667 554
14.1833 552
14.2 551
14.2167 549
14.2333 548
14.25 546
14.2667 545
14.2833 543
14.3 542
14.3167 540
14.3333 538
14.35 537
14.3667 535
14.3833 533
14.4 532
14.4167 530
14.4333 528
14.45 526
14.4667 525
14.4833 523
14.5 521
14.5167 519
14.5333 518
14.55 516
14.5667 514
14.5833 512
14.6 510
14.6167 508
14.6333 506
14.65 504
14.6667 502
14.6833 500
14.7 499
14.7167 497
14.7333 495
14.75 493
14.7667 490
14.7833 488
14.8 486
14.8167 484
14.8333 482
14.85 480
14.8667 478
14.8833 476
14.9 474
14.9167 472
14.9333 469
14.95 467
14.9667 465
14.9833 463
15.0 461
15.0167 459
15.0333 457
15.05 454
15.0667 452
15.0833 450
15.1 448
15.1167 445
15.1333 443
15.15 441
15.1667 438
15.1833 436
15.2 433
15.2167 431
15.2333 429
15.25 426
15.2667 424
15.2833 421
15.3 419
15.3167 416
15.3333 414
15.35 411
15.3667 409
15.3833 406
15.4 404
15.4167 401
15.4333 399
15.45 396
15.4667 394
15.4833 391
15.5 388
15.5167 386
15.5333 383
15.55 381
15.5667 378
15.5833 375
15.6 373
15.6167 370
15.6333 367
15.65 365
15.6667 362
15.6833 359
15.7 357
15.7167 354
15.7333 351
15.75 348
15.7667 346
15.7833 343
15.8 340
15.8167 337
15.8333 335
15.85 332
15.8667 329
15.8833 326
15.9 323
15.9167 321
15.9333 318
15.95 315
15.9667 312
15.9833 309
16.0 306
16.0167 304
16.0333 301
16.05 298
16.0667 295
16.0833 292
16.1 289
16.1167 286
16.1333 283
16.15 281
16.1667 278
16.1833 275
16.2 272
16.2167 269
16.2333 266
16.25 263
16.2667 260
16.2833 257
16.3 254
16.3167 251
16.3333 249
16.35 246
16.3667 243
16.3833 240
16.4 237
16.4167 234
16.4333 231
16.45 228
16.4667 225
16.4833 222
16.5 219
16.5167 216
16.5333 213
16.55 211
16.5667 208
16.5833 205
16.6 202
16.6167 199
16.6333 196
16.65 193
16.6667 190
16.6833 187
16.7 184
16.7167 181
16.7333 179
16.75 176
16.7667 173
16.7833 170
16.8 167
16.8167 164
16.8333 161
16.85 159
16.8667 156
16.8833 153
16.9 150
16.9167 147
16.9333 145
16.95 142
16.9667 139
16.9833 136
