8.0 66
8.0167 69
8.0333 72
8.05 75
8.0667 78
8.0833 81
8.1 84
8.1167 87
8.1333 91
8.15 94
8.1667 97
8.1833 100
8.2 103
8.2167 107
8.2333 110
8.25 113
8.2667 117
8.2833 120
8.3 123
8.3167 127
8.3333 130
8.35 134
8.3667 137
8.3833 141
8.4 144
8.4167 147
8.4333 151
8.45 154
8.4667 158
8.4833 161
8.5 165
8.5167 168
8.5333 172
8.55 175
8.5667 179
8.5833 182
8.6 186
8.6167 189
8.6333 193
8.65 197
8.6667 200
8.6833 204
8.7 207
8.7167 211
8.7333 214
8.75 218
8.7667 221
8.7833 225
8.8 228
8.8167 232
8.8333 236
8.85 239
8.8667 243
8.8833 246
8.9 250
8.9167 253
8.9333 257
8.95 260
8.9667 264
8.9833 267
9.0 271
9.0167 275
9.0333 278
9.05 282
9.0667 285
9.0833 289
9.1 292
9.1167 296
9.1333 299
9.15 303
9.1667 306
9.1833 310
9.2 313
9.2167 317
9.2333 320
9.25 324
9.2667 327
9.2833 331
9.3 334
9.3167 337
9.3333 341
9.35 344
9.3667 348
9.3833 351
9.4 354
9.4167 358
9.4333 361
9.45 365
9.4667 368
9.4833 371
9.5 375
9.5167 378
9.5333 381
9.55 385
9.5667 388
9.5833 391
9.6 395
9.6167 398
9.6333 401
9.65 404
9.6667 408
9.6833 411
9.7 414
9.7167 417
9.7333 420
9.75 424
9.7667 427
9.7833 430
9.8 433
9.8167 436
9.8333 439
9.85 443
9.8667 446
9.8833 449
9.9 452
9.9167 455
9.9333 458
9.95 461
9.9667 464
9.9833 467
10.0 470
10.0167 473
10.0333 476
10.05 479
10.0667 482
10.0833 485
10.1 488
10.1167 491
10.1333 494
10.15 497
10.1667 500
10.1833 502
10.2 505
10.2167 508
10.2333 511
10.25 514
10.2667 517
10.2833 519
10.3 522
10.3167 525
10.3333 528
10.35 530
10.3667 533
10.3833 536
10.4 539
10.4167 541
10.4333 544
10.45 547
10.4667 549
10.4833 552
10.5 554
10.5167 557
10.5333 560
10.55 562
10.5667 565
10.5833 567
10.6 570
10.6167 572
10.6333 575
10.65 577
10.6667 580
10.6833 582
10.7 584
10.7167 587
10.7333 589
10.75 592
10.7667 594
10.7833 596
10.8 599
10.8167 601
10.8333 603
10.85 605
10.8667 608
10.8833 610
10.9 612
10.9167 614
10.9333 617
10.95 619
10.9667 621
10.9833 623
11.0 625
11.0167 627
11.0333 629
11.05 631
11.0667 634
11.0833 636
11.1 638
11.1167 640
11.1333 642
11.15 644
11.1667 645
11.1833 647
11.2 649
11.2167 651
11.2333 653
11.25 655
11.2667 657
11.2833 659
11.3 660
11.3167 662
11.3333 664
11.35 666
11.3667 668
11.3833 669
11.4 671
11.4167 673
11.4333 674
11.45 676
11.4667 678
11.4833 679
11.5 681
11.5167 682
11.5333 684
11.55 685
11.5667 687
11.5833 689
11.6 690
11.6167 691
11.6333 693
11.65 694
11.6667 696
11.6833 697
11.7 699
11.7167 700
11.7333 701
11.75 703
11.7667 704
11.7833 705
11.8 706
11.8167 708
11.8333 709
11.85 710
11.8667 711
11.8833 712
11.9 714
11.9167 715
11.9333 716
11.95 717
11.9667 718
11.9833 719
12.0 720
12.0167 721
12.0333 722
12.05 723
12.0667 724
12.0833 725
12.1 726
12.1167 727
12.1333 728
12.15 728
12.1667 729
12.1833 730
12.2 731
12.2167 732
12.2333 732
12.25 733
12.2667 734
12.2833 735
12.3 735
12.3167 736
12.3333 737
12.35 737
12.3667 738
12.3833 738
12.4 739
12.4167 739
12.4333 740
12.45 741
12.4667 741
12.4833 741
12.5 742
12.5167 742
12.5333 743
12.55 743
12.5667 744
12.5833 744
12.6 744
12.6167 744
12.6333 745
12.65 745
12.6667 745
12.6833 746
12.7 746
12.7167 746
12.7333 746
12.75 746
12.7667 746
12.7833 746
12.8 747
12.8167 747
12.8333 747
12.85 747
12.8667 747
12.8833 747
12.9 747
12.9167 747
12.9333 747
12.95 746
12.9667 746
12.9833 746
13.0 746
13.0167 746
13.0333 746
13.05 746
13.0667 745
13.0833 745
13.1 745
13.1167 745
13.1333 744
13.15 744
13.1667 744
13.1833 743
13.2 743
13.2167 742
13.2333 742
13.25 742
13.2667 741
13.2833 741
13.3 740
13.3167 740
13.3333 739
13.35 738
13.3667 738
13.3833 737
13.4 737
13.4167 736
13.4333 735
13.45 735
13.4667 734
13.4833 733
13.5 732
13.5167 732
13.5333 731
13.55 730
13.5667 729
13.5833 728
13.6 728
13.6167 727
13.6333 726
13.65 725
13.6667 724
13.6833 723
13.7 722
13.7167 721
13.7333 720
13.75 719
13.7667 718
13.7833 717
13.8 716
13.8167 715
13.8333 714
13.85 712
13.8667 711
13.8833 710
13.9 709
13.9167 708
13.9333 706
13.95 705
13.9667 704
13.9833 703
14.0 701
14.0167 700
14.0333 699
14.05 697
14.0667 696
14.0833 694
14.1 693
14.1167 692
14.1333 690
14.15 689
14.1667 687
14.1833 686
14.2 684
14.2167 682
14.2333 681
14.25 679
14.2667 678
14.2833 676
14.3 674
14.3167 673
14.3333 671
14.35 669
14.3667 668
14.3833 666
14.4 664
14.4167 662
14.4333 661
14.45 659
14.4667 657
14.4833 655
14.5 653
14.5167 651
14.5333 649
14.55 648
14.5667 646
14.5833 644
14.6 642
14.6167 640
14.6333 638
14.65 636
14.6667 634
14.6833 632
14.7 629
14.7167 627
14.7333 625
14.75 623
14.7667 621
14.7833 619
14.8 617
14.8167 614
14.8333 612
14.85 610
14.8667 608
14.8833 606
14.9 603
14.9167 601
14.9333 599
14.95 596
14.9667 594
14.9833 592
15.0 590
15.0167 588
15.0333 585
15.05 583
15.0667 581
15.0833 578
15.1 576
15.1167 573
15.1333 571
15.15 568
15.1667 566
15.1833 563
15.2 561
15.2167 558
15.2333 555
15.25 553
15.2667 550
15.2833 548
15.3 545
15.3167 542
15.3333 540
15.35 537
15.3667 534
15.3833 531
15.4 529
15.4167 526
15.4333 523
15.45 520
15.4667 518
15.4833 515
15.5 512
15.5167 509
15.5333 506
15.55 503
15.5667 501
15.5833 498
15.6 495
15.6167 492
15.6333 489
15.65 486
15.6667 483
15.6833 480
15.7 477
15.7167 474
15.7333 471
15.75 468
15.7667 465
15.7833 462
15.8 459
15.8167 456
15.8333 453
15.85 450
15.8667 447
15.8833 444
15.9 440
15.9167 437
15.9333 434
15.95 431
15.9667 428
15.9833 425
16.0 421
16.0167 418
16.0333 415
16.05 412
16.0667 409
16.0833 405
16.1 402
16.1167 399
16.1333 396
16.15 392
16.1667 389
16.1833 386
16.2 382
16.2167 379
16.2333 376
16.25 372
16.2667 369
16.2833 366
16.3 362
16.3167 359
16.3333 356
16.35 352
16.3667 349
16.3833 345
16.4 342
16.4167 338
16.4333 335
16.45 332
16.4667 328
16.4833 325
16.5 321
16.5167 318
16.5333 314
16.55 311
16.5667 307
16.5833 304
16.6 300
16.6167 297
16.6333 293
16.65 290
16.6667 286
16.6833 283
16.7 279
16.7167 276
16.7333 272
16.75 269
16.7667 265
16.7833 262
16.8 258
16.8167 255
16.8333 251
16.85 247
16.8667 244
16.8833 240
16.9 237
16.9167 233
16.9333 230
16.95 226
16.9667 223
16.9833 219
