8.0 66
8.0167 68
8.0333 71
8.05 74
8.0667 77
8.0833 80
8.1 83
8.1167 86
8.1333 89
8.15 92
8.1667 95
8.1833 98
8.2 101
8.2167 105
8.2333 108
8.25 111
8.2667 114
8.2833 117
8.3 121
8.3167 124
8.3333 127
8.35 130
8.3667 134
8.3833 137
8.4 140
8.4167 144
8.4333 147
8.45 151
8.4667 154
8.4833 157
8.5 161
8.5167 164
8.5333 168
8.55 171
8.5667 175
8.5833 178
8.6 182
8.6167 185
8.6333 188
8.65 192
8.6667 195
8.6833 199
8.7 202
8.7167 206
8.7333 209
8.75 213
8.7667 216
8.7833 220
8.8 224
8.8167 227
8.8333 231
8.85 234
8.8667 238
8.8833 241
8.9 245
8.9167 248
8.9333 252
8.95 255
8.9667 259
8.9833 262
9.0 266
9.0167 270
9.0333 273
9.05 277
9.0667 280
9.0833 284
9.1 287
9.1167 291
9.1333 294
9.15 298
9.1667 301
9.1833 305
9.2 308
9.2167 312
9.2333 315
9.25 318
9.2667 322
9.2833 325
9.3 329
9.3167 332
9.3333 336
9.35 339
9.3667 343
9.3833 346
9.4 349
9.4167 353
9.4333 356
9.45 359
9.4667 363
9.4833 366
9.5 370
9.5167 373
9.5333 376
9.55 380
9.5667 383
9.5833 386
9.6 389
9.6167 393
9.6333 396
9.65 399
9.6667 403
9.6833 406
9.7 409
9.7167 412
9.7333 416
9.75 419
9.7667 422
9.7833 425
9.8 428
9.8167 431
9.8333 435
9.85 438
9.8667 441
9.8833 444
9.9 447
9.9167 450
9.9333 453
9.95 456
9.9667 459
9.9833 463
10.0 466
10.0167 469
10.0333 472
10.05 475
10.0667 478
10.0833 481
10.1 484
10.1167 487
10.1333 489
10.15 492
10.1667 495
10.1833 498
10.2 501
10.2167 504
10.2333 507
10.25 510
10.2667 513
10.2833 515
10.3 518
10.3167 521
10.3333 524
10.35 527
10.3667 529
10.3833 532
10.4 535
10.4167 537
10.4333 540
10.45 543
10.4667 545
10.4833 548
10.5 551
10.5167 553
10.5333 556
10.55 559
10.5667 561
10.5833 564
10.6 566
10.6167 569
10.6333 571
10.65 574
10.6667 576
10.6833 579
10.7 581
10.7167 584
10.7333 586
10.75 589
10.7667 591
10.7833 593
10.8 596
10.8167 598
10.8333 600
10.85 603
10.8667 605
10.8833 607
10.9 609
10.9167 612
10.9333 614
10.95 616
10.9667 618
10.9833 621
11.0 623
11.0167 625
11.0333 627
11.05 629
11.0667 631
11.0833 633
11.1 635
11.1167 637
11.1333 639
11.15 641
11.1667 643
11.1833 645
11.2 647
11.2167 649
11.2333 651
11.25 653
11.2667 655
11.2833 657
11.3 659
11.3167 660
11.3333 662
11.35 664
11.3667 666
11.3833 668
11.4 669
11.4167 671
11.4333 673
11.45 675
11.4667 676
11.4833 678
11.5 679
11.5167 681
11.5333 683
11.55 684
11.5667 686
11.5833 687
11.6 689
11.6167 690
11.6333 692
11.65 693
11.6667 695
11.6833 696
11.7 698
11.7167 699
11.7333 700
11.75 702
11.7667 703
11.7833 704
11.8 706
11.8167 707
11.8333 708
11.85 709
11.8667 711
11.8833 712
11.9 713
11.9167 714
11.9333 715
11.95 717
11.9667 718
11.9833 719
12.0 720
12.0167 721
12.0333 722
12.05 723
12.0667 724
12.0833 725
12.1 726
12.1167 727
12.1333 728
12.15 729
12.1667 729
12.1833 730
12.2 731
12.2167 732
12.2333 733
12.25 734
12.2667 734
12.2833 735
12.3 736
12.3167 736
12.3333 737
12.35 738
12.3667 738
12.3833 739
12.4 740
12.4167 740
12.4333 741
12.45 741
12.4667 742
12.4833 742
12.5 743
12.5167 743
12.5333 744
12.55 744
12.5667 745
12.5833 745
12.6 745
12.6167 746
12.6333 746
12.65 746
12.6667 747
12.6833 747
12.7 747
12.7167 747
12.7333 748
12.75 748
12.7667 748
12.7833 748
12.8 748
12.8167 748
12.8333 748
12.85 748
12.8667 748
12.8833 748
12.9 748
12.9167 748
12.9333 748
12.95 748
12.9667 748
12.9833 748
13.0 748
13.0167 748
13.0333 748
13.05 748
13.0667 747
13.0833 747
13.1 747
13.1167 747
13.1333 746
13.15 746
13.1667 746
13.1833 746
13.2 745
13.2167 745
13.2333 744
13.25 744
13.2667 744
13.2833 743
13.3 743
13.3167 742
13.3333 742
13.35 741
13.3667 741
13.3833 740
13.4 739
13.4167 739
13.4333 738
13.45 737
13.4667 737
13.4833 736
13.5 735
13.5167 735
13.5333 734
13.55 733
13.5667 732
13.5833 732
13.6 731
13.6167 730
13.6333 729
13.65 728
13.6667 727
13.6833 726
13.7 725
13.7167 724
13.7333 723
13.75 722
13.7667 721
13.7833 720
13.8 719
13.8167 718
13.8333 717
13.85 716
13.8667 715
13.8833 714
13.9 713
13.9167 711
13.9333 710
13.95 709
13.9667 708
13.9833 706
14.0 705
14.0167 704
14.0333 702
14.05 701
14.0667 700
14.0833 698
14.1 697
14.1167 695
14.1333 694
14.15 693
14.1667 691
14.1833 690
14.2 688
14.2167 687
14.2333 685
14.25 683
14.2667 682
14.2833 680
14.3 679
14.3167 677
14.3333 675
14.35 674
14.3667 672
14.3833 670
14.4 669
14.4167 667
14.4333 665
14.45 663
14.4667 661
14.4833 660
14.5 658
14.5167 656
14.5333 654
14.55 652
14.5667 650
14.5833 648
14.6 646
14.6167 644
14.6333 642
14.65 640
14.6667 638
14.6833 636
14.7 634
14.7167 632
14.7333 630
14.75 628
14.7667 626
14.7833 624
14.8 622
14.8167 619
14.8333 617
14.85 615
14.8667 613
14.8833 611
14.9 608
14.9167 606
14.9333 604
14.95 601
14.9667 599
14.9833 597
15.0 595
15.0167 593
15.0333 591
15.05 588
15.0667 586
15.0833 583
15.1 581
15.1167 578
15.1333 576
15.15 574
15.1667 571
15.1833 569
15.2 566
15.2167 563
15.2333 561
15.25 558
15.2667 556
15.2833 553
15.3 550
15.3167 548
15.3333 545
15.35 542
15.3667 540
15.3833 537
15.4 534
15.4167 532
15.4333 529
15.45 526
15.4667 523
15.4833 521
15.5 518
15.5167 515
15.5333 512
15.55 509
15.5667 506
15.5833 503
15.6 501
15.6167 498
15.6333 495
15.65 492
15.6667 489
15.6833 486
15.7 483
15.7167 480
15.7333 477
15.75 474
15.7667 471
15.7833 468
15.8 465
15.8167 462
15.8333 459
15.85 456
15.8667 453
15.8833 450
15.9 446
15.9167 443
15.9333 440
15.95 437
15.9667 434
15.9833 431
16.0 428
16.0167 424
16.0333 421
16.05 418
16.0667 415
16.0833 412
16.1 408
16.1167 405
16.1333 402
16.15 399
16.1667 395
16.1833 392
16.2 389
16.2167 385
16.2333 382
16.25 379
16.2667 375
16.2833 372
16.3 369
16.3167 365
16.3333 362
16.35 359
16.3667 355
16.3833 352
16.4 348
16.4167 345
16.4333 342
16.45 338
16.4667 335
16.4833 331
16.5 328
16.5167 325
16.5333 321
16.55 318
16.5667 314
16.5833 311
16.6 307
16.6167 304
16.6333 300
16.65 297
16.6667 293
16.6833 290
16.7 286
16.7167 283
16.7333 279
16.75 276
16.7667 272
16.7833 269
16.8 265
16.8167 262
16.8333 258
16.85 255
16.8667 251
16.8833 248
16.9 244
16.9167 241
16.9333 237
16.95 234
16.9667 230
16.9833 227
