8.0 56
8.0167 58
8.0333 59
8.05 61
8.0667 63
8.0833 64
8.1 66
8.1167 68
8.1333 70
8.15 72
8.1667 73
8.1833 75
8.2 77
8.2167 79
8.2333 81
8.25 83
8.2667 85
8.2833 87
8.3 88
8.3167 90
8.3333 92
8.35 94
8.3667 96
8.3833 98
8.4 101
8.4167 103
8.4333 105
8.45 107
8.4667 109
8.4833 111
8.5 113
8.5167 115
8.5333 117
8.55 120
8.5667 122
8.5833 124
8.6 126
8.6167 128
8.6333 131
8.65 133
8.6667 135
8.6833 137
8.7 140
8.7167 142
8.7333 144
8.75 146
8.7667 149
8.7833 151
8.8 153
8.8167 156
8.8333 158
8.85 160
8.8667 163
8.8833 165
8.9 168
8.9167 170
8.9333 172
8.95 175
8.9667 177
8.9833 180
9.0 182
9.0167 185
9.0333 188
9.05 190
9.0667 192
9.0833 195
9.1 197
9.1167 200
9.1333 202
9.15 205
9.1667 207
9.1833 210
9.2 212
9.2167 215
9.2333 217
9.25 220
9.2667 222
9.2833 225
9.3 227
9.3167 230
9.3333 232
9.35 235
9.3667 237
9.3833 240
9.4 242
9.4167 245
9.4333 247
9.45 250
9.4667 252
9.4833 255
9.5 257
9.5167 260
9.5333 262
9.55 265
9.5667 267
9.5833 270
9.6 272
9.6167 275
9.6333 277
9.65 280
9.6667 282
9.6833 285
9.7 287
9.7167 290
9.7333 292
9.75 294
9.7667 297
9.7833 299
9.8 302
9.8167 304
9.8333 307
9.85 309
9.8667 312
9.8833 314
9.9 317
9.9167 319
9.9333 321
9.95 324
9.9667 326
9.9833 329
10.0 331
10.0167 333
10.0333 336
10.05 338
10.0667 341
10.0833 343
10.1 345
10.1167 348
10.1333 350
10.15 352
10.1667 355
10.1833 357
10.2 359
10.2167 362
10.2333 364
10.25 366
10.2667 369
10.2833 371
10.3 373
10.3167 375
10.3333 378
10.35 380
10.3667 382
10.3833 384
10.4 387
10.4167 389
10.4333 391
10.45 393
10.4667 396
10.4833 398
10.5 400
10.5167 402
10.5333 404
10.55 406
10.5667 408
10.5833 411
10.6 413
10.6167 415
10.6333 417
10.65 419
10.6667 421
10.6833 423
10.7 425
10.7167 427
10.7333 429
10.75 431
10.7667 433
10.7833 435
10.8 437
10.8167 439
10.8333 441
10.85 443
10.8667 445
10.8833 447
10.9 449
10.9167 451
10.9333 452
10.95 454
10.9667 456
10.9833 458
11.0 460
11.0167 462
11.0333 464
11.05 465
11.0667 467
11.0833 469
11.1 471
11.1167 472
11.1333 474
11.15 476
11.1667 477
11.1833 479
11.2 481
11.2167 482
11.2333 484
11.25 486
11.2667 487
11.2833 489
11.3 491
11.3167 492
11.3333 494
11.35 495
11.3667 497
11.3833 498
11.4 500
11.4167 501
11.4333 503
11.45 504
11.4667 506
11.4833 507
11.5 508
11.5167 510
11.5333 511
11.55 513
11.5667 514
11.5833 515
11.6 517
11.6167 518
11.6333 519
11.65 520
11.6667 522
11.6833 523
11.7 524
11.7167 525
11.7333 527
11.75 528
11.7667 529
11.7833 530
11.8 531
11.8167 532
11.8333 533
11.85 535
11.8667 536
11.8833 537
11.9 538
11.9167 539
11.9333 540
11.95 541
11.9667 542
11.9833 543
12.0 544
12.0167 545
12.0333 545
12.05 546
12.0667 547
12.0833 548
12.1 549
12.1167 550
12.1333 551
12.15 551
12.1667 552
12.1833 553
12.2 554
12.2167 554
12.2333 555
12.25 556
12.2667 556
12.2833 557
12.3 558
12.3167 558
12.3333 559
12.35 559
12.3667 560
12.3833 561
12.4 561
12.4167 562
12.4333 562
12.45 563
12.4667 563
12.4833 564
12.5 564
12.5167 564
12.5333 565
12.55 565
12.5667 566
12.5833 566
12.6 566
12.6167 567
12.6333 567
12.65 567
12.6667 567
12.6833 568
12.7 568
12.7167 568
12.7333 568
12.75 568
12.7667 569
12.7833 569
12.8 569
12.8167 569
12.8333 569
12.85 569
12.8667 569
12.8833 569
12.9 569
12.9167 569
12.9333 569
12.95 569
12.9667 569
12.9833 569
13.0 569
13.0167 569
13.0333 569
13.05 569
13.0667 569
13.0833 568
13.1 568
13.1167 568
13.1333 568
13.15 567
13.1667 567
13.1833 567
13.2 567
13.2167 566
13.2333 566
13.25 566
13.2667 565
13.2833 565
13.3 565
13.3167 564
13.3333 564
13.35 563
13.3667 563
13.3833 562
13.4 562
13.4167 561
13.4333 561
13.45 560
13.4667 560
13.4833 559
13.5 558
13.5167 558
13.5333 557
13.55 557
13.5667 556
13.5833 555
13.6 554
13.6167 554
13.6333 553
13.65 552
13.6667 551
13.6833 551
13.7 550
13.7167 549
13.7333 548
13.75 547
13.7667 547
13.7833 546
13.8 545
13.8167 544
13.8333 543
13.85 542
13.8667 541
13.8833 540
13.9 539
13.9167 538
13.9333 537
13.95 536
13.9667 535
13.9833 534
14.0 533
14.0167 531
14.0333 530
14.05 529
14.0667 528
14.0833 527
14.1 526
14.1167 524
14.1333 523
14.15 522
14.1667 521
14.1833 519
14.2 518
14.2167 517
14.2333 516
14.25 514
14.2667 513
14.2833 512
14.3 510
14.3167 509
14.3333 507
14.35 506
14.3667 504
14.3833 503
14.4 502
14.4167 500
14.4333 499
14.45 497
14.4667 496
14.4833 494
14.5 492
14.5167 491
14.5333 489
14.55 488
14.5667 486
14.5833 484
14.6 483
14.6167 481
14.6333 480
14.65 478
14.6667 476
14.6833 474
14.7 473
14.7167 471
14.7333 469
14.75 467
14.7667 466
14.7833 464
14.8 462
14.8167 460
14.8333 458
14.85 457
14.8667 455
14.8833 453
14.9 451
14.9167 449
14.9333 447
14.95 445
14.9667 443
14.9833 441
15.0 440
15.0167 438
15.0333 436
15.05 434
15.0667 432
15.0833 430
15.1 428
15.1167 426
15.1333 424
15.15 422
15.1667 420
15.1833 418
15.2 416
15.2167 414
15.2333 412
15.25 410
15.2667 408
15.2833 405
15.3 403
15.3167 401
15.3333 399
15.35 397
15.3667 395
15.3833 392
15.4 390
15.4167 388
15.4333 386
15.45 383
15.4667 381
15.4833 379
15.5 377
15.5167 374
15.5333 372
15.55 370
15.5667 368
15.5833 365
15.6 363
15.6167 361
15.6333 358
15.65 356
15.6667 354
15.6833 351
15.7 349
15.7167 347
15.7333 344
15.75 342
15.7667 339
15.7833 337
15.8 335
15.8167 332
15.8333 330
15.85 327
15.8667 325
15.8833 323
15.9 320
15.9167 318
15.9333 315
15.95 313
15.9667 310
15.9833 308
16.0 306
16.0167 303
16.0333 301
16.05 298
16.0667 296
16.0833 293
16.1 291
16.1167 288
16.1333 286
16.15 283
16.1667 281
16.1833 278
16.2 276
16.2167 273
16.2333 271
16.25 268
16.2667 266
16.2833 263
16.3 261
16.3167 258
16.3333 256
16.35 253
16.3667 251
16.3833 248
16.4 246
16.4167 243
16.4333 241
16.45 238
16.4667 236
16.4833 233
16.5 231
16.5167 228
16.5333 226
16.55 223
16.5667 221
16.5833 218
16.6 216
16.6167 213
16.6333 211
16.65 208
16.6667 206
16.6833 203
16.7 201
16.7167 198
16.7333 196
16.75 193
16.7667 191
16.7833 189
16.8 186
16.8167 184
16.8333 181
16.85 179
16.8667 176
16.8833 174
16.9 172
16.9167 169
16.9333 167
16.95 164
16.9667 162
16.9833 160
